0 1 0.157552 0.875000 0.069271 0.251852
0 2 0.228906 0.874074 0.063021 0.253704
0 3 0.250781 0.840741 0.049479 0.238889
0 4 0.910937 0.886574 0.056250 0.228704
0 5 0.372396 0.755556 0.050000 0.207407
0 6 0.418229 0.756944 0.050000 0.193519
0 7 0.820573 0.733796 0.050521 0.219444
0 8 0.858333 0.722685 0.040625 0.204630
0 9 0.800521 0.535185 0.027083 0.092593
0 10 0.760677 0.688426 0.042188 0.186111
0 11 0.778125 0.648611 0.041667 0.165741
0 12 0.644010 0.671296 0.039062 0.185185
0 13 0.571094 0.674074 0.043229 0.181481
0 14 0.751563 0.628241 0.038542 0.165741
0 15 0.406771 0.497222 0.023958 0.098148
0 16 0.428125 0.477778 0.026042 0.111111
0 17 0.424479 0.521296 0.025000 0.124074
0 18 0.442969 0.511574 0.028646 0.123148
0 19 0.453646 0.485185 0.028125 0.112963
0 20 0.490365 0.483333 0.027604 0.120370
0 21 0.473438 0.503704 0.032292 0.118519
0 22 0.435937 0.580093 0.035417 0.160185
0 23 0.473438 0.585185 0.033333 0.153704
0 24 0.496094 0.585648 0.031771 0.141667
0 25 0.517448 0.561574 0.033854 0.134259
0 26 0.548698 0.556019 0.031771 0.126852
0 27 0.542708 0.546296 0.028125 0.118519
0 28 0.507292 0.608333 0.043750 0.151852
0 29 0.532552 0.624074 0.027604 0.112963
0 30 0.543750 0.627778 0.038542 0.175926
0 31 0.531771 0.671296 0.038542 0.192593
0 32 0.578906 0.556481 0.029687 0.140741
0 33 0.594010 0.597222 0.034896 0.170370
0 34 0.587240 0.642130 0.039062 0.152778
0 73 0.652083 0.463426 0.028125 0.089815
0 74 0.670833 0.462963 0.033333 0.096296
