0 1 0.146354 0.875926 0.072917 0.248148
0 2 0.219271 0.875926 0.063542 0.250000
0 3 0.240885 0.845833 0.051562 0.239815
0 4 0.893750 0.886111 0.057292 0.229630
0 5 0.372396 0.741204 0.050000 0.206481
0 6 0.418750 0.743056 0.048958 0.191667
0 7 0.841406 0.734259 0.056771 0.222222
0 8 0.877604 0.721759 0.039583 0.204630
0 9 0.797917 0.525000 0.027083 0.092593
0 10 0.776302 0.688426 0.041146 0.191667
0 11 0.769531 0.637037 0.042188 0.164815
0 12 0.632031 0.660185 0.035937 0.181481
0 13 0.560677 0.658796 0.045312 0.180556
0 14 0.740104 0.618981 0.035417 0.165741
0 15 0.400260 0.487963 0.023438 0.098148
0 16 0.417708 0.471759 0.026042 0.110185
0 17 0.423698 0.512037 0.025521 0.124074
0 18 0.437500 0.500463 0.027083 0.123148
0 19 0.444271 0.475926 0.028125 0.112963
0 20 0.478646 0.478704 0.029167 0.124074
0 21 0.470833 0.495370 0.029167 0.116667
0 22 0.438021 0.569907 0.035417 0.158333
0 23 0.468750 0.573148 0.032292 0.151852
0 24 0.493490 0.573611 0.031771 0.139815
0 25 0.510156 0.554167 0.031771 0.134259
0 26 0.543490 0.545833 0.031771 0.125000
0 27 0.537500 0.536111 0.028125 0.118519
0 28 0.507812 0.597685 0.043750 0.150926
0 29 0.530208 0.610648 0.028125 0.110185
0 30 0.540885 0.616667 0.038021 0.175926
0 31 0.520312 0.657870 0.038542 0.189815
0 32 0.572396 0.548148 0.029167 0.138889
0 33 0.589063 0.589815 0.037500 0.170370
0 34 0.580729 0.631481 0.038542 0.151852
0 73 0.646354 0.459722 0.028125 0.089815
0 74 0.662500 0.458333 0.033333 0.098148
