0 1 0.173958 0.873148 0.067708 0.253704
0 2 0.243229 0.873611 0.062500 0.254630
0 3 0.260677 0.841204 0.050521 0.234259
0 4 0.951823 0.888889 0.052604 0.218519
0 5 0.370833 0.783333 0.052083 0.214815
0 6 0.415104 0.783796 0.051042 0.200926
0 7 0.803125 0.732870 0.051042 0.215741
0 8 0.820573 0.726852 0.046354 0.203704
0 9 0.802344 0.553704 0.027604 0.092593
0 10 0.742188 0.700463 0.041667 0.186111
0 11 0.795052 0.671759 0.042188 0.165741
0 12 0.661979 0.696296 0.041667 0.188889
0 13 0.590625 0.695370 0.038542 0.185185
0 14 0.768750 0.649074 0.039583 0.172222
0 15 0.418229 0.515741 0.023958 0.098148
0 16 0.444271 0.493056 0.026042 0.112037
0 17 0.424479 0.539815 0.025000 0.124074
0 18 0.450000 0.528241 0.031250 0.123148
0 19 0.467969 0.502778 0.025521 0.112963
0 20 0.503646 0.506019 0.023958 0.121296
0 21 0.478125 0.523148 0.032292 0.124074
0 22 0.440365 0.600926 0.040104 0.164815
0 23 0.478646 0.603241 0.032292 0.158333
0 24 0.502604 0.606944 0.031250 0.145370
0 25 0.523958 0.581019 0.032292 0.134259
0 26 0.556771 0.579167 0.032292 0.128704
0 27 0.551562 0.568519 0.028125 0.118519
0 28 0.509115 0.629167 0.039062 0.154630
0 29 0.536979 0.645833 0.027083 0.119444
0 30 0.552083 0.655093 0.037500 0.178704
0 31 0.547917 0.696296 0.040625 0.192593
0 32 0.585938 0.575926 0.030208 0.140741
0 33 0.602865 0.613426 0.033854 0.156481
0 34 0.598437 0.663889 0.041667 0.153704
0 38 0.940365 0.847222 0.055729 0.201852
0 73 0.661979 0.474537 0.028125 0.089815
0 74 0.683854 0.475000 0.033333 0.096296
