0 1 0.222656 0.858796 0.063021 0.249074
0 2 0.279687 0.858796 0.059375 0.254630
0 3 0.307292 0.825463 0.051042 0.217593
0 5 0.368229 0.847685 0.054167 0.232407
0 6 0.407813 0.850000 0.055208 0.212963
0 7 0.738281 0.725463 0.048438 0.200926
0 8 0.749219 0.719444 0.042188 0.196296
0 9 0.807031 0.563889 0.027604 0.092593
0 10 0.684896 0.708796 0.041667 0.182407
0 11 0.830729 0.716667 0.040625 0.187037
0 12 0.729427 0.747222 0.051562 0.196296
0 13 0.655729 0.745833 0.043750 0.195370
0 14 0.808073 0.694444 0.040104 0.170370
0 15 0.443750 0.548148 0.023958 0.105556
0 16 0.471615 0.533333 0.028646 0.114815
0 17 0.433594 0.575000 0.026562 0.124074
0 18 0.473958 0.563889 0.032292 0.124074
0 19 0.491406 0.536111 0.025521 0.112963
0 20 0.533594 0.543981 0.029687 0.123148
0 21 0.502604 0.559259 0.030208 0.129630
0 22 0.467187 0.650463 0.047917 0.173148
0 23 0.489063 0.649537 0.032292 0.165741
0 24 0.523958 0.643056 0.034375 0.150926
0 25 0.550781 0.625463 0.031771 0.139815
0 26 0.582552 0.620370 0.034896 0.138889
0 27 0.570833 0.609722 0.027083 0.126852
0 28 0.527344 0.679630 0.042188 0.162963
0 29 0.559896 0.695370 0.027083 0.129630
0 30 0.588802 0.704167 0.038021 0.193519
0 31 0.617188 0.746759 0.040625 0.200926
0 32 0.604688 0.615741 0.030208 0.140741
0 33 0.666667 0.659259 0.034375 0.168519
0 34 0.634635 0.715741 0.036979 0.164815
0 38 0.785937 0.865741 0.061458 0.203704
0 39 0.935156 0.838426 0.056771 0.208333
0 52 0.403906 0.507870 0.025521 0.104630
0 73 0.690104 0.488889 0.026042 0.090741
0 74 0.717448 0.485648 0.029687 0.089815
