0 1 0.235937 0.814815 0.063542 0.242593
0 2 0.292708 0.823148 0.055208 0.246296
0 3 0.334115 0.785185 0.044271 0.209259
0 5 0.345313 0.856481 0.055208 0.237037
0 6 0.403906 0.860185 0.057813 0.222222
0 7 0.701823 0.695370 0.046354 0.194444
0 8 0.701562 0.691667 0.036458 0.190741
0 9 0.807031 0.552778 0.027604 0.092593
0 10 0.656771 0.678704 0.033333 0.181481
0 11 0.835938 0.710185 0.039583 0.185185
0 12 0.755729 0.746296 0.043750 0.201852
0 13 0.691927 0.747222 0.056771 0.198148
0 14 0.826823 0.691204 0.040104 0.182407
0 15 0.445573 0.539352 0.023438 0.106481
0 16 0.475000 0.527778 0.030208 0.125926
0 17 0.433854 0.566204 0.027083 0.126852
0 18 0.486719 0.553704 0.029687 0.124074
0 19 0.498958 0.531481 0.026042 0.116667
0 20 0.541146 0.533333 0.031250 0.125926
0 21 0.515625 0.557407 0.030208 0.129630
0 22 0.475781 0.645370 0.051562 0.181481
0 23 0.503385 0.641204 0.040104 0.171296
0 24 0.537240 0.637963 0.033854 0.151852
0 25 0.565104 0.622685 0.032292 0.149074
0 26 0.591667 0.618519 0.031250 0.155556
0 27 0.581771 0.602778 0.029167 0.125926
0 28 0.539323 0.678704 0.044271 0.168519
0 29 0.570312 0.699537 0.032292 0.128704
0 30 0.622917 0.702778 0.040625 0.192593
0 31 0.643229 0.747685 0.047917 0.206481
0 32 0.636979 0.608796 0.029167 0.143519
0 33 0.705469 0.658333 0.035937 0.168519
0 34 0.667969 0.712963 0.036979 0.172222
0 35 0.010677 0.957870 0.020313 0.084259
0 36 0.042969 0.982870 0.032813 0.036111
0 38 0.687760 0.848148 0.063021 0.203704
0 39 0.846615 0.826852 0.068229 0.212963
0 52 0.431771 0.496759 0.026042 0.104630
0 53 0.397917 0.486111 0.026042 0.122222
0 73 0.706250 0.475000 0.026042 0.090741
0 74 0.729948 0.474537 0.029687 0.089815
