0 1 0.237500 0.798611 0.062500 0.234259
0 2 0.295312 0.809259 0.055208 0.246296
0 3 0.343750 0.778241 0.044792 0.210185
0 5 0.342187 0.861574 0.055208 0.239815
0 6 0.401042 0.862963 0.059375 0.224074
0 7 0.688281 0.687963 0.045312 0.194444
0 8 0.689063 0.688889 0.036458 0.194444
0 9 0.805729 0.548148 0.028125 0.092593
0 10 0.650521 0.672222 0.033333 0.181481
0 11 0.838021 0.707407 0.039583 0.187037
0 12 0.757292 0.747685 0.043750 0.202778
0 13 0.691927 0.750926 0.045312 0.203704
0 14 0.829948 0.688889 0.040104 0.183333
0 15 0.446094 0.538426 0.023438 0.106481
0 16 0.475260 0.526389 0.030729 0.126852
0 17 0.433854 0.564815 0.027083 0.127778
0 18 0.489063 0.550926 0.030208 0.124074
0 19 0.499479 0.529630 0.026042 0.118519
0 20 0.542448 0.531481 0.031771 0.125926
0 21 0.517188 0.554630 0.030208 0.129630
0 22 0.478906 0.643981 0.046354 0.182407
0 23 0.504167 0.642130 0.037500 0.173148
0 24 0.538802 0.636111 0.033854 0.151852
0 25 0.566146 0.616204 0.032292 0.154630
0 26 0.592708 0.616204 0.035417 0.156481
0 27 0.588542 0.601389 0.029167 0.126852
0 28 0.544531 0.679630 0.044271 0.168519
0 29 0.573438 0.697685 0.032292 0.128704
0 30 0.635417 0.699074 0.040625 0.192593
0 31 0.647135 0.749074 0.047396 0.209259
0 32 0.649479 0.606019 0.029167 0.143519
0 33 0.714583 0.656019 0.036458 0.167593
0 34 0.678385 0.710185 0.036979 0.172222
0 35 0.011979 0.953241 0.022917 0.093519
0 36 0.045573 0.977315 0.038021 0.047222
0 38 0.662500 0.841204 0.053125 0.204630
0 39 0.824479 0.823611 0.062500 0.213889
0 52 0.439063 0.492130 0.026042 0.104630
0 53 0.401562 0.483333 0.027083 0.127778
0 73 0.709896 0.470370 0.026042 0.090741
0 74 0.732031 0.470833 0.029687 0.089815
