0 1 0.147917 0.875926 0.072917 0.248148
0 2 0.220833 0.875926 0.063542 0.250000
0 3 0.242188 0.844907 0.051042 0.239815
0 4 0.895312 0.886574 0.058333 0.228704
0 5 0.372396 0.741667 0.050000 0.207407
0 6 0.418750 0.744907 0.048958 0.191667
0 7 0.838802 0.734259 0.055729 0.222222
0 8 0.875000 0.721759 0.039583 0.204630
0 9 0.798177 0.525926 0.027604 0.092593
0 10 0.774479 0.688426 0.041667 0.191667
0 11 0.770573 0.638426 0.042188 0.165741
0 12 0.633594 0.661574 0.036979 0.182407
0 13 0.561979 0.660185 0.045833 0.181481
0 14 0.741667 0.620370 0.036458 0.164815
0 15 0.401302 0.488889 0.023438 0.098148
0 16 0.418750 0.472685 0.026042 0.110185
0 17 0.423958 0.513889 0.025000 0.124074
0 18 0.438281 0.501852 0.027604 0.124074
0 19 0.445312 0.476852 0.028125 0.112963
0 20 0.479948 0.479630 0.028646 0.124074
0 21 0.471094 0.496296 0.029687 0.116667
0 22 0.437760 0.571759 0.034896 0.158333
0 23 0.469531 0.575000 0.032813 0.151852
0 24 0.493750 0.575000 0.032292 0.140741
0 25 0.510938 0.556019 0.031250 0.134259
0 26 0.544271 0.547222 0.031250 0.124074
0 27 0.538281 0.537500 0.028646 0.119444
0 28 0.507812 0.599537 0.043750 0.150926
0 29 0.530729 0.612500 0.028125 0.110185
0 30 0.541146 0.618519 0.038542 0.175926
0 31 0.521875 0.659722 0.038542 0.189815
0 32 0.573438 0.549074 0.029167 0.138889
0 33 0.589583 0.590741 0.037500 0.170370
0 34 0.581510 0.632870 0.038021 0.150926
0 73 0.647396 0.460648 0.028125 0.089815
0 74 0.663542 0.458333 0.033333 0.098148
