0 1 0.207813 0.875926 0.066667 0.250000
0 2 0.263021 0.874074 0.059375 0.250000
0 3 0.290104 0.844444 0.051042 0.224074
0 5 0.372135 0.825926 0.057813 0.224074
0 6 0.414844 0.828704 0.051562 0.201852
0 7 0.771615 0.737500 0.048438 0.208333
0 8 0.784375 0.730093 0.042708 0.202778
0 9 0.805990 0.570370 0.027604 0.092593
0 10 0.711198 0.711111 0.042188 0.181481
0 11 0.823438 0.710185 0.042708 0.179630
0 12 0.697396 0.737500 0.041667 0.193519
0 13 0.623437 0.730093 0.038542 0.189815
0 14 0.794531 0.681944 0.040104 0.165741
0 15 0.438021 0.543056 0.023958 0.099074
0 16 0.463281 0.523611 0.025521 0.112037
0 17 0.431771 0.567593 0.026042 0.124074
0 18 0.460677 0.554167 0.030729 0.123148
0 19 0.483594 0.529630 0.025521 0.112963
0 20 0.521094 0.535185 0.029687 0.122222
0 21 0.489323 0.555093 0.029687 0.128704
0 22 0.455990 0.635648 0.034896 0.175000
0 23 0.483333 0.636574 0.031250 0.162037
0 24 0.514844 0.637037 0.031771 0.146296
0 25 0.540104 0.614815 0.031250 0.135185
0 26 0.570833 0.611111 0.032292 0.135185
0 27 0.561979 0.602315 0.027083 0.126852
0 28 0.521615 0.663426 0.042188 0.158333
0 29 0.548438 0.680556 0.027083 0.129630
0 30 0.571875 0.689352 0.038542 0.180556
0 31 0.588542 0.737037 0.040625 0.198148
0 32 0.596875 0.606481 0.030208 0.140741
0 33 0.636719 0.649074 0.032813 0.168519
0 34 0.614583 0.700000 0.037500 0.159259
0 38 0.851562 0.868519 0.062500 0.203704
0 39 0.982812 0.838426 0.034375 0.208333
0 73 0.676823 0.490741 0.026562 0.090741
0 74 0.705729 0.488889 0.030208 0.090741
