0 1 0.229948 0.841667 0.065104 0.246296
0 2 0.286979 0.845370 0.055208 0.253704
0 3 0.325781 0.809722 0.046354 0.215741
0 5 0.358854 0.850463 0.055208 0.234259
0 6 0.404948 0.856019 0.056771 0.217593
0 7 0.720313 0.712037 0.045833 0.198148
0 8 0.729167 0.707870 0.041667 0.195370
0 9 0.807552 0.559259 0.027604 0.092593
0 10 0.670573 0.693056 0.034896 0.182407
0 11 0.831771 0.715278 0.039583 0.182407
0 12 0.745052 0.745833 0.047396 0.199074
0 13 0.671615 0.744444 0.044271 0.196296
0 14 0.817448 0.695370 0.040104 0.177778
0 15 0.445312 0.544907 0.023958 0.106481
0 16 0.473438 0.531019 0.029167 0.119444
0 17 0.434896 0.571296 0.027083 0.124074
0 18 0.481250 0.561111 0.031250 0.124074
0 19 0.496875 0.535185 0.026042 0.112963
0 20 0.538021 0.539352 0.030208 0.125000
0 21 0.509375 0.559259 0.030208 0.129630
0 22 0.473438 0.650463 0.035417 0.173148
0 23 0.496615 0.645833 0.040104 0.165741
0 24 0.531250 0.641667 0.034375 0.151852
0 25 0.557031 0.625000 0.031771 0.138889
0 26 0.586979 0.621296 0.032292 0.151852
0 27 0.574219 0.606481 0.028646 0.125926
0 28 0.531771 0.680093 0.043750 0.165741
0 29 0.565885 0.697685 0.031771 0.128704
0 30 0.602604 0.706481 0.040625 0.192593
0 31 0.631510 0.750926 0.041146 0.203704
0 32 0.618229 0.613889 0.030208 0.140741
0 33 0.687240 0.663889 0.034896 0.168519
0 34 0.650260 0.715741 0.036979 0.164815
0 38 0.739062 0.862963 0.057292 0.203704
0 39 0.891927 0.835648 0.058854 0.210185
0 52 0.416667 0.503704 0.026042 0.103704
0 73 0.699479 0.484259 0.026042 0.090741
0 74 0.723177 0.480093 0.029687 0.089815
