0 1 0.224219 0.854167 0.063021 0.249074
0 2 0.280990 0.856944 0.057813 0.254630
0 3 0.310417 0.825463 0.051042 0.217593
0 5 0.368229 0.850463 0.054167 0.234259
0 6 0.407031 0.851389 0.055729 0.213889
0 7 0.734375 0.723611 0.047917 0.200926
0 8 0.745573 0.717593 0.042188 0.196296
0 9 0.807031 0.562963 0.027604 0.092593
0 10 0.682031 0.705556 0.040104 0.181481
0 11 0.830729 0.716204 0.040625 0.186111
0 12 0.733073 0.747222 0.051562 0.196296
0 13 0.659375 0.746759 0.043750 0.195370
0 14 0.809635 0.696296 0.040104 0.172222
0 15 0.444271 0.548611 0.023958 0.106481
0 16 0.472396 0.533333 0.029167 0.114815
0 17 0.434115 0.574537 0.026562 0.123148
0 18 0.475521 0.564352 0.032292 0.123148
0 19 0.492448 0.536111 0.025521 0.112963
0 20 0.535156 0.543981 0.029687 0.123148
0 21 0.504687 0.560185 0.030208 0.129630
0 22 0.468229 0.650463 0.045833 0.173148
0 23 0.489063 0.650463 0.032292 0.165741
0 24 0.525000 0.643056 0.034375 0.150926
0 25 0.552344 0.625000 0.031771 0.138889
0 26 0.583333 0.620833 0.034375 0.141667
0 27 0.571354 0.609722 0.027083 0.126852
0 28 0.528125 0.680556 0.042708 0.162963
0 29 0.561198 0.696296 0.027604 0.129630
0 30 0.591406 0.705093 0.038021 0.193519
0 31 0.620052 0.747685 0.040104 0.200926
0 32 0.607292 0.615741 0.030208 0.140741
0 33 0.670833 0.660185 0.034375 0.168519
0 34 0.637240 0.717593 0.036979 0.164815
0 38 0.777604 0.864815 0.059375 0.203704
0 39 0.924219 0.838426 0.053646 0.210185
0 52 0.405729 0.507407 0.026042 0.103704
0 73 0.691667 0.487963 0.026042 0.090741
0 74 0.718490 0.484722 0.029687 0.089815
