0 1 0.227344 0.848611 0.063021 0.249074
0 2 0.284115 0.853704 0.055729 0.255556
0 3 0.319792 0.817130 0.046875 0.217593
0 5 0.363802 0.850463 0.054688 0.234259
0 6 0.405469 0.854167 0.056771 0.215741
0 7 0.726562 0.719907 0.045833 0.200926
0 8 0.738802 0.713889 0.042188 0.196296
0 9 0.807031 0.562037 0.027604 0.092593
0 10 0.676823 0.700000 0.038021 0.181481
0 11 0.830990 0.715278 0.040104 0.184259
0 12 0.738281 0.746759 0.049479 0.197222
0 13 0.666406 0.748611 0.044271 0.195370
0 14 0.812760 0.696759 0.040104 0.175000
0 15 0.445312 0.547685 0.023958 0.106481
0 16 0.472917 0.532407 0.029167 0.116667
0 17 0.435937 0.574537 0.027083 0.123148
0 18 0.478906 0.564815 0.031771 0.124074
0 19 0.494271 0.536111 0.026042 0.112963
0 20 0.536719 0.542593 0.029687 0.124074
0 21 0.506771 0.559259 0.030208 0.129630
0 22 0.470573 0.650463 0.041146 0.173148
0 23 0.491667 0.646759 0.035417 0.165741
0 24 0.527604 0.642593 0.034375 0.151852
0 25 0.554427 0.625000 0.031771 0.138889
0 26 0.584896 0.620370 0.033333 0.146296
0 27 0.572656 0.608333 0.027604 0.125926
0 28 0.529687 0.682407 0.042708 0.162963
0 29 0.563542 0.696759 0.030208 0.128704
0 30 0.596354 0.706019 0.039583 0.193519
0 31 0.625521 0.749537 0.040625 0.202778
0 32 0.611979 0.614815 0.030208 0.140741
0 33 0.678125 0.662037 0.034375 0.168519
0 34 0.642969 0.716667 0.036979 0.164815
0 38 0.758073 0.862963 0.035937 0.203704
0 39 0.907813 0.838889 0.056250 0.211111
0 52 0.409896 0.506481 0.026042 0.103704
0 73 0.695312 0.486111 0.026042 0.090741
0 74 0.720573 0.482870 0.029687 0.089815
