0 1 0.228906 0.848611 0.063021 0.249074
0 2 0.285938 0.849074 0.055208 0.255556
0 3 0.323958 0.812037 0.045833 0.216667
0 5 0.360677 0.850463 0.054688 0.234259
0 6 0.404948 0.855556 0.056771 0.216667
0 7 0.722656 0.715278 0.046354 0.199074
0 8 0.733594 0.711111 0.042188 0.196296
0 9 0.807552 0.560185 0.027604 0.092593
0 10 0.673177 0.695833 0.035937 0.182407
0 11 0.831250 0.714815 0.039583 0.183333
0 12 0.742188 0.746296 0.047917 0.198148
0 13 0.670052 0.746759 0.044271 0.195370
0 14 0.815365 0.696296 0.040104 0.175926
0 15 0.445312 0.545833 0.023958 0.106481
0 16 0.473177 0.531481 0.029687 0.118519
0 17 0.435417 0.572685 0.027083 0.123148
0 18 0.480469 0.562963 0.031771 0.124074
0 19 0.495833 0.535185 0.026042 0.112963
0 20 0.537500 0.540741 0.030208 0.124074
0 21 0.508333 0.559259 0.030208 0.129630
0 22 0.472135 0.650463 0.038021 0.173148
0 23 0.494792 0.645833 0.038542 0.165741
0 24 0.529687 0.641667 0.034375 0.151852
0 25 0.555990 0.625000 0.031771 0.138889
0 26 0.586198 0.620833 0.032813 0.149074
0 27 0.573438 0.607407 0.028125 0.125926
0 28 0.530990 0.681019 0.043229 0.163889
0 29 0.565365 0.697685 0.031771 0.128704
0 30 0.600000 0.707407 0.040625 0.192593
0 31 0.629948 0.751852 0.040104 0.203704
0 32 0.615625 0.614815 0.030208 0.140741
0 33 0.683854 0.663889 0.034375 0.168519
0 34 0.647135 0.715741 0.036979 0.164815
0 38 0.746615 0.862963 0.048438 0.203704
0 39 0.900521 0.839815 0.064583 0.209259
0 52 0.414062 0.504630 0.026042 0.103704
0 73 0.697917 0.485185 0.026042 0.090741
0 74 0.722135 0.481019 0.029687 0.089815
