0 1 0.154688 0.876389 0.072917 0.249074
0 2 0.225781 0.875000 0.063021 0.251852
0 3 0.247396 0.842130 0.048958 0.239815
0 4 0.904167 0.886574 0.057292 0.228704
0 5 0.372396 0.748148 0.050000 0.207407
0 6 0.418490 0.751852 0.049479 0.192593
0 7 0.828385 0.734259 0.052604 0.220370
0 8 0.865104 0.722685 0.039583 0.204630
0 9 0.799479 0.531481 0.027083 0.092593
0 10 0.766146 0.687963 0.041667 0.188889
0 11 0.775000 0.644444 0.041667 0.164815
0 12 0.640365 0.667593 0.038021 0.185185
0 13 0.568229 0.671296 0.045833 0.181481
0 14 0.747396 0.625463 0.037500 0.165741
0 15 0.404427 0.493519 0.023438 0.098148
0 16 0.424479 0.475926 0.026042 0.111111
0 17 0.423958 0.517593 0.025000 0.124074
0 18 0.441667 0.507870 0.028125 0.123148
0 19 0.450000 0.481481 0.028125 0.112963
0 20 0.485938 0.481481 0.028125 0.122222
0 21 0.472396 0.500463 0.031250 0.117593
0 22 0.436458 0.576852 0.035417 0.159259
0 23 0.472396 0.581481 0.033333 0.153704
0 24 0.494792 0.580556 0.032292 0.140741
0 25 0.514583 0.558796 0.032292 0.134259
0 26 0.546875 0.551852 0.031250 0.124074
0 27 0.540625 0.541667 0.028125 0.118519
0 28 0.507292 0.604167 0.043750 0.150926
0 29 0.531771 0.618981 0.028125 0.112037
0 30 0.542708 0.624074 0.038542 0.175926
0 31 0.527083 0.666204 0.038542 0.191667
0 32 0.576562 0.553241 0.029167 0.139815
0 33 0.592187 0.594444 0.035417 0.170370
0 34 0.584896 0.637963 0.038542 0.151852
0 73 0.650000 0.462500 0.028125 0.089815
0 74 0.668229 0.460185 0.033333 0.096296
