0 1 0.171094 0.873148 0.067187 0.253704
0 2 0.241146 0.873148 0.062500 0.255556
0 3 0.259635 0.840741 0.050521 0.235185
0 4 0.946615 0.887500 0.052604 0.221296
0 5 0.370833 0.778704 0.052083 0.214815
0 6 0.416146 0.781019 0.051042 0.199074
0 7 0.805729 0.732870 0.051042 0.215741
0 8 0.825521 0.724074 0.042708 0.201852
0 9 0.802865 0.550926 0.027604 0.092593
0 10 0.745313 0.698611 0.041667 0.186111
0 11 0.792448 0.668056 0.042188 0.165741
0 12 0.658854 0.690741 0.041667 0.187037
0 13 0.586458 0.690741 0.038542 0.183333
0 14 0.765625 0.643981 0.039583 0.171296
0 15 0.416667 0.512963 0.023958 0.098148
0 16 0.442188 0.490278 0.026042 0.112037
0 17 0.424479 0.537037 0.025000 0.124074
0 18 0.448958 0.525463 0.031250 0.123148
0 19 0.465365 0.499074 0.025521 0.112963
0 20 0.501302 0.502315 0.024479 0.121296
0 21 0.477344 0.519907 0.032813 0.123148
0 22 0.439583 0.596296 0.038542 0.164815
0 23 0.478125 0.600000 0.032292 0.157407
0 24 0.501823 0.604167 0.031771 0.145370
0 25 0.522396 0.579167 0.031250 0.134259
0 26 0.555208 0.575000 0.032292 0.127778
0 27 0.550000 0.564815 0.028125 0.118519
0 28 0.508594 0.625926 0.040104 0.153704
0 29 0.535937 0.642593 0.027083 0.118519
0 30 0.550000 0.651389 0.037500 0.178704
0 31 0.544010 0.690741 0.039062 0.192593
0 32 0.584896 0.573148 0.030208 0.140741
0 33 0.601823 0.610648 0.033854 0.158333
0 34 0.596875 0.659722 0.040625 0.152778
0 38 0.949479 0.843519 0.054167 0.201852
0 73 0.660417 0.471759 0.028125 0.089815
0 74 0.681771 0.473148 0.033333 0.096296
