0 1 0.225781 0.850463 0.063021 0.249074
0 2 0.282552 0.855556 0.056771 0.255556
0 3 0.314583 0.822685 0.048958 0.217593
0 5 0.365885 0.850463 0.054688 0.234259
0 6 0.406250 0.852778 0.056250 0.214815
0 7 0.730208 0.721759 0.046875 0.200926
0 8 0.742188 0.715741 0.042708 0.196296
0 9 0.807031 0.562037 0.027604 0.092593
0 10 0.679427 0.702778 0.039062 0.181481
0 11 0.830990 0.715741 0.040104 0.185185
0 12 0.735677 0.746759 0.050521 0.197222
0 13 0.663021 0.747685 0.043750 0.195370
0 14 0.811198 0.698148 0.040104 0.174074
0 15 0.445312 0.549537 0.023958 0.106481
0 16 0.472396 0.532870 0.029167 0.115741
0 17 0.434896 0.574537 0.027083 0.123148
0 18 0.477604 0.564815 0.032292 0.124074
0 19 0.493229 0.536111 0.026042 0.112963
0 20 0.536198 0.543981 0.029687 0.123148
0 21 0.505729 0.559259 0.030208 0.129630
0 22 0.469271 0.650463 0.043750 0.173148
0 23 0.490104 0.648611 0.034375 0.165741
0 24 0.526042 0.642593 0.034375 0.151852
0 25 0.553385 0.625000 0.031771 0.138889
0 26 0.584115 0.620833 0.033854 0.143519
0 27 0.572135 0.608796 0.027604 0.126852
0 28 0.529167 0.682407 0.042708 0.162963
0 29 0.562240 0.696296 0.028646 0.129630
0 30 0.593750 0.705556 0.038542 0.192593
0 31 0.622656 0.749074 0.040104 0.201852
0 32 0.609896 0.614815 0.030208 0.140741
0 33 0.674479 0.661111 0.034375 0.168519
0 34 0.639844 0.716667 0.036979 0.164815
0 38 0.767708 0.863889 0.047917 0.203704
0 39 0.913281 0.839352 0.050521 0.212037
0 52 0.407813 0.507407 0.026042 0.103704
0 73 0.693750 0.487037 0.026042 0.090741
0 74 0.719531 0.483796 0.029687 0.089815
