0 1 0.152604 0.875926 0.072917 0.248148
0 2 0.224740 0.875463 0.063021 0.250926
0 3 0.246094 0.842130 0.049479 0.239815
0 4 0.902083 0.886574 0.057292 0.228704
0 5 0.372396 0.745370 0.050000 0.207407
0 6 0.418490 0.750000 0.049479 0.192593
0 7 0.830990 0.734259 0.053646 0.220370
0 8 0.867188 0.721759 0.039583 0.204630
0 9 0.799219 0.530556 0.027604 0.092593
0 10 0.768229 0.687963 0.041667 0.188889
0 11 0.773958 0.643056 0.041667 0.165741
0 12 0.638542 0.665741 0.037500 0.185185
0 13 0.566667 0.668519 0.045833 0.181481
0 14 0.745833 0.624074 0.037500 0.164815
0 15 0.403646 0.492593 0.023958 0.098148
0 16 0.422917 0.475000 0.026042 0.111111
0 17 0.423958 0.516667 0.025000 0.124074
0 18 0.440625 0.506019 0.028125 0.123148
0 19 0.448958 0.480556 0.028125 0.112963
0 20 0.484375 0.481481 0.028125 0.122222
0 21 0.472135 0.499537 0.030729 0.117593
0 22 0.436719 0.575463 0.034896 0.158333
0 23 0.471354 0.579630 0.033333 0.153704
0 24 0.494531 0.579167 0.031771 0.139815
0 25 0.513542 0.557870 0.032292 0.134259
0 26 0.546354 0.550926 0.031250 0.124074
0 27 0.540104 0.540741 0.028125 0.118519
0 28 0.507812 0.603241 0.043750 0.150926
0 29 0.531510 0.617130 0.027604 0.112037
0 30 0.542188 0.622222 0.038542 0.175926
0 31 0.526042 0.664352 0.038542 0.191667
0 32 0.575781 0.552315 0.029687 0.139815
0 33 0.591406 0.593519 0.035937 0.170370
0 34 0.583854 0.637037 0.038542 0.151852
0 73 0.649479 0.461574 0.028125 0.089815
0 74 0.666667 0.459259 0.033333 0.096296
