0 1 0.210417 0.871759 0.071875 0.252778
0 2 0.265885 0.873611 0.058854 0.250926
0 3 0.294792 0.843519 0.051042 0.224074
0 5 0.371094 0.831944 0.059896 0.226852
0 6 0.410677 0.834259 0.052604 0.205556
0 7 0.762240 0.735185 0.050521 0.203704
0 8 0.772396 0.728241 0.042708 0.199074
0 9 0.805990 0.568519 0.027604 0.092593
0 10 0.703646 0.711111 0.041667 0.181481
0 11 0.825781 0.712500 0.042188 0.182407
0 12 0.706771 0.740741 0.043750 0.194444
0 13 0.631510 0.736574 0.039062 0.191667
0 14 0.798698 0.685648 0.040104 0.165741
0 15 0.440104 0.544907 0.023958 0.100926
0 16 0.465885 0.526852 0.026562 0.112963
0 17 0.431771 0.570370 0.026042 0.124074
0 18 0.463802 0.558796 0.031771 0.123148
0 19 0.485677 0.534259 0.025521 0.112963
0 20 0.524479 0.542130 0.029167 0.123148
0 21 0.492969 0.558796 0.029687 0.128704
0 22 0.462500 0.641667 0.037500 0.168519
0 23 0.482812 0.640278 0.032292 0.163889
0 24 0.518750 0.642130 0.032292 0.147222
0 25 0.543229 0.618519 0.031250 0.137037
0 26 0.574740 0.613889 0.033854 0.135185
0 27 0.564583 0.605093 0.027083 0.126852
0 28 0.522917 0.668981 0.041667 0.160185
0 29 0.550521 0.684259 0.027083 0.129630
0 30 0.575521 0.694907 0.037500 0.187963
0 31 0.597917 0.739815 0.040625 0.198148
0 32 0.597396 0.611111 0.030208 0.140741
0 33 0.642188 0.653704 0.033333 0.168519
0 34 0.619010 0.708333 0.036979 0.161111
0 38 0.832552 0.868519 0.063021 0.203704
0 39 0.969010 0.837963 0.052604 0.207407
0 73 0.680208 0.493519 0.026042 0.090741
0 74 0.710677 0.491204 0.029687 0.089815
