0 1 0.189323 0.876852 0.067187 0.248148
0 2 0.250521 0.874074 0.060417 0.253704
0 3 0.270313 0.844444 0.050000 0.227778
0 4 0.971615 0.894907 0.044271 0.212037
0 5 0.370573 0.800463 0.052604 0.215741
0 6 0.417187 0.805093 0.051042 0.200926
0 7 0.792448 0.737037 0.048438 0.214815
0 8 0.805990 0.727315 0.044271 0.202778
0 9 0.802865 0.562037 0.027604 0.092593
0 10 0.731510 0.707407 0.044271 0.185185
0 11 0.805729 0.686111 0.042708 0.166667
0 12 0.672917 0.716667 0.041667 0.194444
0 13 0.605208 0.711111 0.039583 0.188889
0 14 0.780729 0.660648 0.039583 0.165741
0 15 0.426042 0.528241 0.023958 0.099074
0 16 0.453125 0.506944 0.026042 0.112037
0 17 0.426823 0.551852 0.025521 0.124074
0 18 0.453906 0.539352 0.030729 0.123148
0 19 0.477604 0.516667 0.026042 0.112963
0 20 0.511198 0.517593 0.027604 0.120370
0 21 0.481771 0.539352 0.030208 0.128704
0 22 0.444271 0.618056 0.044792 0.165741
0 23 0.479687 0.619444 0.031250 0.161111
0 24 0.505990 0.619907 0.031771 0.145370
0 25 0.530729 0.599074 0.033333 0.135185
0 26 0.562500 0.593981 0.032292 0.134259
0 27 0.555729 0.582407 0.028125 0.120370
0 28 0.513281 0.643981 0.036979 0.156481
0 29 0.541667 0.661111 0.027083 0.124074
0 30 0.559896 0.668981 0.037500 0.178704
0 31 0.563281 0.711111 0.040104 0.196296
0 32 0.590104 0.588889 0.030208 0.140741
0 33 0.614844 0.626389 0.033854 0.154630
0 34 0.604167 0.678704 0.040625 0.153704
0 38 0.902865 0.856481 0.046354 0.203704
0 73 0.668490 0.485185 0.027604 0.090741
0 74 0.692187 0.480556 0.032292 0.094444
