0 1 0.211719 0.870370 0.071354 0.253704
0 2 0.267448 0.874074 0.058854 0.251852
0 3 0.295833 0.840741 0.051042 0.224074
0 5 0.369271 0.835648 0.056250 0.226852
0 6 0.410417 0.837500 0.053125 0.206481
0 7 0.758594 0.734259 0.051562 0.201852
0 8 0.767188 0.727778 0.042708 0.198148
0 9 0.805990 0.567593 0.027604 0.092593
0 10 0.700521 0.710185 0.041667 0.181481
0 11 0.826562 0.712963 0.041667 0.183333
0 12 0.710677 0.741667 0.045312 0.194444
0 13 0.635677 0.737963 0.040104 0.192593
0 14 0.800260 0.686574 0.040104 0.165741
0 15 0.440625 0.545370 0.023958 0.101852
0 16 0.466927 0.527778 0.026562 0.112963
0 17 0.431771 0.572222 0.026042 0.124074
0 18 0.465104 0.560648 0.032292 0.123148
0 19 0.486719 0.536111 0.025521 0.112963
0 20 0.525781 0.542130 0.029687 0.123148
0 21 0.494531 0.558796 0.029687 0.128704
0 22 0.463021 0.643056 0.039583 0.169444
0 23 0.483594 0.642130 0.031771 0.163889
0 24 0.519792 0.642130 0.032292 0.147222
0 25 0.544271 0.619907 0.031250 0.137963
0 26 0.576562 0.614815 0.034375 0.135185
0 27 0.565625 0.606019 0.027083 0.126852
0 28 0.523438 0.671296 0.041667 0.161111
0 29 0.551562 0.686111 0.027083 0.129630
0 30 0.577083 0.697222 0.037500 0.190741
0 31 0.601823 0.740741 0.040104 0.198148
0 32 0.597917 0.612037 0.030208 0.140741
0 33 0.644531 0.655556 0.033854 0.168519
0 34 0.621615 0.709259 0.036979 0.161111
0 38 0.825260 0.867593 0.060937 0.203704
0 39 0.963281 0.837963 0.059896 0.207407
0 73 0.681771 0.492593 0.026042 0.090741
0 74 0.711719 0.490278 0.029687 0.089815
