0 1 0.232031 0.829630 0.067187 0.242593
0 2 0.289062 0.838426 0.055208 0.250926
0 3 0.327865 0.801852 0.046354 0.212963
0 5 0.352604 0.851389 0.055208 0.234259
0 6 0.404948 0.856944 0.056771 0.219444
0 7 0.715365 0.706019 0.046354 0.195370
0 8 0.719271 0.699537 0.038542 0.191667
0 9 0.807552 0.558333 0.027604 0.092593
0 10 0.665625 0.687963 0.033333 0.181481
0 11 0.832812 0.712963 0.039583 0.183333
0 12 0.750260 0.745370 0.045312 0.200000
0 13 0.678125 0.743519 0.047917 0.196296
0 14 0.821094 0.694444 0.040104 0.179630
0 15 0.445312 0.542130 0.023958 0.106481
0 16 0.473958 0.529630 0.030208 0.122222
0 17 0.434375 0.569907 0.027083 0.125000
0 18 0.483073 0.558333 0.030729 0.124074
0 19 0.498437 0.534259 0.026042 0.112963
0 20 0.539062 0.536574 0.031250 0.125000
0 21 0.511458 0.558333 0.030208 0.129630
0 22 0.473958 0.648148 0.040625 0.175926
0 23 0.500781 0.644907 0.044271 0.165741
0 24 0.534375 0.640741 0.034375 0.151852
0 25 0.559896 0.624537 0.032292 0.141667
0 26 0.591146 0.622222 0.032292 0.150000
0 27 0.575260 0.605556 0.028646 0.125926
0 28 0.533594 0.678241 0.044271 0.167593
0 29 0.567448 0.698611 0.031771 0.128704
0 30 0.608854 0.705556 0.040625 0.192593
0 31 0.635677 0.749537 0.043229 0.204630
0 32 0.624219 0.612500 0.029687 0.141667
0 33 0.693490 0.662037 0.034896 0.168519
0 34 0.654948 0.711574 0.036979 0.167593
0 35 0.010156 0.962963 0.019271 0.074074
0 38 0.720052 0.851852 0.048438 0.203704
0 39 0.875521 0.828241 0.047917 0.212037
0 52 0.421875 0.501389 0.026042 0.104630
0 73 0.701562 0.481481 0.026042 0.090741
0 74 0.725781 0.478241 0.029687 0.089815
