0 1 0.235417 0.815741 0.064583 0.242593
0 2 0.292187 0.825000 0.055208 0.246296
0 3 0.332813 0.787037 0.044792 0.209259
0 5 0.345833 0.856019 0.055208 0.236111
0 6 0.404167 0.859259 0.057292 0.222222
0 7 0.703906 0.696759 0.046354 0.193519
0 8 0.703646 0.692130 0.036458 0.189815
0 9 0.807031 0.553704 0.027604 0.092593
0 10 0.657813 0.679630 0.033333 0.181481
0 11 0.835417 0.710185 0.039583 0.185185
0 12 0.755729 0.745370 0.043750 0.201852
0 13 0.691927 0.746759 0.058854 0.197222
0 14 0.826302 0.692130 0.040104 0.182407
0 15 0.445573 0.540278 0.023438 0.106481
0 16 0.475000 0.527778 0.030208 0.125926
0 17 0.433854 0.566667 0.027083 0.125926
0 18 0.486198 0.553704 0.029687 0.124074
0 19 0.498958 0.531944 0.026042 0.115741
0 20 0.540885 0.533333 0.031771 0.125926
0 21 0.515104 0.557407 0.030208 0.129630
0 22 0.475521 0.645833 0.050000 0.180556
0 23 0.503125 0.641667 0.040625 0.170370
0 24 0.536979 0.638889 0.034375 0.151852
0 25 0.564583 0.623148 0.032292 0.148148
0 26 0.591406 0.618981 0.031771 0.154630
0 27 0.580729 0.603241 0.029167 0.126852
0 28 0.538802 0.678241 0.044271 0.167593
0 29 0.569792 0.699537 0.032292 0.128704
0 30 0.620833 0.702778 0.040625 0.192593
0 31 0.642448 0.747685 0.047396 0.206481
0 32 0.634896 0.609722 0.029167 0.143519
0 33 0.703906 0.659259 0.035937 0.168519
0 34 0.665885 0.712037 0.036979 0.172222
0 35 0.010417 0.958333 0.019792 0.083333
0 36 0.042448 0.983796 0.031771 0.034259
0 38 0.690365 0.848148 0.063021 0.203704
0 39 0.849740 0.828241 0.071354 0.212037
0 52 0.430729 0.496759 0.026042 0.104630
0 53 0.396875 0.486574 0.026042 0.121296
0 73 0.705729 0.475926 0.026042 0.090741
0 74 0.729427 0.475463 0.029687 0.089815
