0 1 0.216927 0.866204 0.066146 0.252778
0 2 0.273438 0.869907 0.059375 0.262037
0 3 0.300000 0.830556 0.051042 0.220370
0 5 0.368750 0.841667 0.055208 0.229630
0 6 0.409896 0.847222 0.054167 0.209259
0 7 0.748437 0.730093 0.050000 0.200926
0 8 0.757812 0.724074 0.042708 0.196296
0 9 0.806510 0.565741 0.027604 0.092593
0 10 0.692708 0.709259 0.041667 0.181481
0 11 0.828906 0.715278 0.041146 0.186111
0 12 0.720052 0.744907 0.048438 0.195370
0 13 0.646094 0.742130 0.042188 0.193519
0 14 0.804427 0.690741 0.040104 0.166667
0 15 0.442188 0.546759 0.023958 0.102778
0 16 0.469271 0.531019 0.028125 0.113889
0 17 0.431771 0.575926 0.026042 0.124074
0 18 0.469271 0.562500 0.032292 0.123148
0 19 0.488802 0.537037 0.025521 0.112963
0 20 0.529687 0.543056 0.029167 0.123148
0 21 0.498698 0.559259 0.029687 0.129630
0 22 0.464844 0.647222 0.046354 0.172222
0 23 0.487240 0.646296 0.031771 0.164815
0 24 0.521875 0.643056 0.033333 0.149074
0 25 0.547396 0.623611 0.031250 0.139815
0 26 0.580990 0.618056 0.035937 0.134259
0 27 0.568229 0.607870 0.027083 0.126852
0 28 0.525521 0.675926 0.041667 0.162963
0 29 0.555208 0.690741 0.027083 0.129630
0 30 0.582292 0.701389 0.037500 0.193519
0 31 0.610417 0.743981 0.040625 0.199074
0 32 0.598958 0.616667 0.030208 0.140741
0 33 0.654167 0.658333 0.034375 0.168519
0 34 0.628385 0.712500 0.036979 0.162037
0 38 0.803125 0.865741 0.042708 0.203704
0 39 0.951042 0.841667 0.067708 0.205556
0 52 0.399479 0.508796 0.025000 0.106481
0 73 0.685937 0.490741 0.026042 0.090741
0 74 0.714323 0.487500 0.029687 0.089815
