0 1 0.164583 0.874074 0.066667 0.253704
0 2 0.235417 0.872685 0.062500 0.256481
0 3 0.257031 0.839815 0.050521 0.237037
0 4 0.926562 0.887037 0.054167 0.227778
0 5 0.371615 0.768056 0.051562 0.212037
0 6 0.417448 0.770370 0.050521 0.196296
0 7 0.811719 0.733333 0.050521 0.216667
0 8 0.842448 0.722685 0.042188 0.204630
0 9 0.802604 0.543519 0.027083 0.092593
0 10 0.752083 0.693981 0.041667 0.186111
0 11 0.785937 0.658796 0.041667 0.165741
0 12 0.652083 0.679167 0.041667 0.184259
0 13 0.577344 0.680556 0.038021 0.181481
0 14 0.759375 0.628241 0.038542 0.165741
0 15 0.411979 0.505556 0.023958 0.098148
0 16 0.436458 0.482870 0.026042 0.112037
0 17 0.424479 0.529630 0.025000 0.124074
0 18 0.446354 0.518981 0.030208 0.123148
0 19 0.459635 0.492130 0.026562 0.112037
0 20 0.496615 0.493056 0.025521 0.121296
0 21 0.475521 0.510185 0.034375 0.120370
0 22 0.437500 0.586574 0.035417 0.163889
0 23 0.475781 0.593519 0.032813 0.155556
0 24 0.499219 0.595833 0.031771 0.143519
0 25 0.520573 0.570833 0.032813 0.134259
0 26 0.551823 0.565278 0.031771 0.126852
0 27 0.546875 0.556481 0.028125 0.118519
0 28 0.507031 0.616204 0.043229 0.152778
0 29 0.534375 0.633796 0.027083 0.115741
0 30 0.547135 0.640741 0.038021 0.177778
0 31 0.538021 0.680556 0.038542 0.192593
0 32 0.582812 0.564815 0.030208 0.140741
0 33 0.598177 0.604167 0.033854 0.165741
0 34 0.591927 0.650463 0.039062 0.152778
0 38 0.966927 0.835185 0.049479 0.198148
0 73 0.656771 0.466204 0.028125 0.089815
0 74 0.676562 0.468519 0.033333 0.096296
