0 1 0.196354 0.876852 0.067708 0.248148
0 2 0.253906 0.874074 0.059896 0.251852
0 3 0.274740 0.846296 0.050521 0.224074
0 4 0.980990 0.894907 0.036979 0.212037
0 5 0.371354 0.807870 0.053125 0.217593
0 6 0.417187 0.811574 0.051042 0.200926
0 7 0.788281 0.738426 0.047396 0.215741
0 8 0.801042 0.727778 0.042708 0.201852
0 9 0.803906 0.563889 0.027604 0.092593
0 10 0.726823 0.707870 0.044271 0.184259
0 11 0.809896 0.691667 0.042708 0.170370
0 12 0.678125 0.722685 0.041667 0.195370
0 13 0.609896 0.715741 0.039583 0.188889
0 14 0.784115 0.666204 0.040104 0.165741
0 15 0.429167 0.533796 0.023958 0.099074
0 16 0.455729 0.510648 0.026042 0.112037
0 17 0.427865 0.556481 0.025521 0.124074
0 18 0.455208 0.543519 0.030208 0.124074
0 19 0.479167 0.519444 0.026042 0.112963
0 20 0.514062 0.522222 0.029167 0.120370
0 21 0.483333 0.542130 0.030208 0.128704
0 22 0.447396 0.621759 0.041667 0.167593
0 23 0.480729 0.623611 0.031250 0.162037
0 24 0.507552 0.625000 0.031771 0.146296
0 25 0.533073 0.601852 0.032813 0.135185
0 26 0.564063 0.596296 0.033333 0.135185
0 27 0.557031 0.587963 0.027604 0.122222
0 28 0.515625 0.648611 0.038542 0.156481
0 29 0.543229 0.667130 0.027083 0.126852
0 30 0.562500 0.673611 0.037500 0.178704
0 31 0.569271 0.715741 0.039583 0.198148
0 32 0.591667 0.592593 0.030208 0.140741
0 33 0.620052 0.631944 0.033854 0.156481
0 34 0.606250 0.684259 0.039583 0.153704
0 38 0.891667 0.861111 0.052083 0.203704
0 73 0.670573 0.487037 0.027604 0.090741
0 74 0.695052 0.481944 0.031771 0.093519
