0 1 0.236198 0.808796 0.063021 0.239815
0 2 0.293750 0.818519 0.055208 0.246296
0 3 0.337240 0.782407 0.044271 0.209259
0 5 0.344271 0.857870 0.055208 0.237963
0 6 0.403125 0.860648 0.058333 0.223148
0 7 0.697396 0.693056 0.045833 0.193519
0 8 0.697396 0.690741 0.036458 0.192593
0 9 0.806510 0.550926 0.027604 0.092593
0 10 0.654687 0.676852 0.033333 0.181481
0 11 0.836458 0.709259 0.039583 0.185185
0 12 0.756250 0.746296 0.043750 0.201852
0 13 0.691927 0.748148 0.052604 0.200000
0 14 0.827865 0.690741 0.040104 0.183333
0 15 0.445833 0.539352 0.023958 0.106481
0 16 0.475521 0.527315 0.030208 0.126852
0 17 0.433854 0.566204 0.027083 0.126852
0 18 0.487760 0.551852 0.029687 0.124074
0 19 0.498958 0.531019 0.026042 0.117593
0 20 0.541667 0.533333 0.031250 0.125926
0 21 0.516146 0.556481 0.030208 0.129630
0 22 0.476562 0.644907 0.054167 0.182407
0 23 0.503646 0.641667 0.038542 0.172222
0 24 0.537760 0.637037 0.033854 0.151852
0 25 0.566146 0.621759 0.032292 0.150926
0 26 0.591667 0.617593 0.031250 0.157407
0 27 0.583854 0.602315 0.029167 0.126852
0 28 0.540885 0.678704 0.044271 0.168519
0 29 0.571354 0.698611 0.032292 0.128704
0 30 0.627083 0.701852 0.040625 0.192593
0 31 0.644792 0.747685 0.047917 0.206481
0 32 0.641146 0.607870 0.029167 0.143519
0 33 0.708594 0.657870 0.035937 0.167593
0 34 0.671094 0.712037 0.036979 0.172222
0 35 0.011198 0.956019 0.021354 0.087963
0 36 0.043750 0.981019 0.034375 0.039815
0 38 0.680469 0.846296 0.060937 0.203704
0 39 0.840885 0.825000 0.063021 0.212963
0 52 0.434375 0.494907 0.026042 0.104630
0 53 0.398958 0.485185 0.026042 0.124074
0 73 0.707292 0.474074 0.026042 0.090741
0 74 0.730990 0.473611 0.029687 0.089815
