0 1 0.209896 0.872685 0.070833 0.252778
0 2 0.265365 0.873611 0.058854 0.250926
0 3 0.293750 0.843519 0.051042 0.224074
0 5 0.372396 0.831019 0.061458 0.226852
0 6 0.410677 0.832407 0.052604 0.205556
0 7 0.764062 0.735648 0.050000 0.204630
0 8 0.774479 0.728704 0.042708 0.200000
0 9 0.805990 0.568519 0.027604 0.092593
0 10 0.705208 0.711111 0.041667 0.181481
0 11 0.825260 0.711574 0.042188 0.182407
0 12 0.704948 0.740278 0.043229 0.193519
0 13 0.629427 0.735648 0.039062 0.191667
0 14 0.797656 0.684722 0.040104 0.165741
0 15 0.439583 0.544444 0.023958 0.100000
0 16 0.465625 0.526389 0.026042 0.112037
0 17 0.431771 0.570370 0.026042 0.124074
0 18 0.463281 0.557870 0.031771 0.123148
0 19 0.485156 0.533333 0.025521 0.112963
0 20 0.523438 0.540278 0.029167 0.123148
0 21 0.491927 0.558796 0.029687 0.128704
0 22 0.460677 0.640741 0.036979 0.170370
0 23 0.482812 0.638889 0.032292 0.164815
0 24 0.518490 0.642593 0.031771 0.146296
0 25 0.542188 0.617593 0.031250 0.137037
0 26 0.573958 0.612963 0.033333 0.135185
0 27 0.564063 0.604167 0.027083 0.126852
0 28 0.522656 0.668056 0.042188 0.160185
0 29 0.550000 0.683333 0.027083 0.129630
0 30 0.574740 0.693981 0.038021 0.186111
0 31 0.596094 0.738889 0.040104 0.198148
0 32 0.597396 0.610185 0.030208 0.140741
0 33 0.641146 0.652778 0.033333 0.168519
0 34 0.617969 0.706481 0.036979 0.161111
0 38 0.835156 0.868519 0.060937 0.203704
0 39 0.971875 0.838426 0.048958 0.208333
0 73 0.679167 0.492593 0.026042 0.090741
0 74 0.710156 0.492130 0.029687 0.089815
