0 1 0.227865 0.848611 0.063021 0.249074
0 2 0.285156 0.853241 0.054688 0.256481
0 3 0.322396 0.814352 0.045833 0.217593
0 5 0.362760 0.850463 0.054688 0.234259
0 6 0.404948 0.854630 0.056771 0.216667
0 7 0.725000 0.718056 0.045833 0.200926
0 8 0.736979 0.712963 0.042708 0.196296
0 9 0.807031 0.561111 0.027604 0.092593
0 10 0.675781 0.698611 0.036979 0.182407
0 11 0.831250 0.715278 0.039583 0.184259
0 12 0.739583 0.746296 0.048958 0.198148
0 13 0.668490 0.749537 0.044271 0.195370
0 14 0.813802 0.696759 0.040104 0.175000
0 15 0.445312 0.547685 0.023958 0.106481
0 16 0.472917 0.531944 0.029167 0.117593
0 17 0.435417 0.573611 0.027083 0.123148
0 18 0.479427 0.563889 0.031771 0.124074
0 19 0.494792 0.535185 0.026042 0.112963
0 20 0.536979 0.541667 0.030208 0.124074
0 21 0.507292 0.559259 0.030208 0.129630
0 22 0.471094 0.650463 0.040104 0.173148
0 23 0.492708 0.646759 0.036458 0.165741
0 24 0.528125 0.642593 0.034375 0.151852
0 25 0.554948 0.625000 0.031771 0.138889
0 26 0.585417 0.620833 0.033333 0.147222
0 27 0.572917 0.607870 0.028125 0.126852
0 28 0.530208 0.681944 0.042708 0.163889
0 29 0.564063 0.696759 0.030208 0.128704
0 30 0.597396 0.706481 0.039583 0.192593
0 31 0.626823 0.750463 0.040104 0.202778
0 32 0.613542 0.614815 0.030208 0.140741
0 33 0.680208 0.662963 0.034375 0.168519
0 34 0.644010 0.715741 0.036979 0.164815
0 38 0.753906 0.862963 0.040104 0.203704
0 39 0.905469 0.839352 0.058854 0.210185
0 52 0.411458 0.505556 0.026042 0.103704
0 73 0.696354 0.486111 0.026042 0.090741
0 74 0.721094 0.481944 0.029687 0.089815
