0 1 0.149479 0.875926 0.072917 0.248148
0 2 0.221875 0.875463 0.063542 0.250926
0 3 0.243490 0.843981 0.050521 0.239815
0 4 0.897396 0.886574 0.058333 0.228704
0 5 0.372396 0.742593 0.050000 0.207407
0 6 0.418750 0.746759 0.048958 0.191667
0 7 0.836458 0.734722 0.055208 0.221296
0 8 0.872396 0.721759 0.039583 0.204630
0 9 0.798438 0.527778 0.027083 0.092593
0 10 0.772396 0.687963 0.041667 0.190741
0 11 0.771615 0.639815 0.042188 0.164815
0 12 0.635156 0.662963 0.036979 0.183333
0 13 0.563542 0.662963 0.045833 0.181481
0 14 0.742969 0.621296 0.036979 0.164815
0 15 0.402083 0.489815 0.023958 0.098148
0 16 0.420312 0.473611 0.026042 0.110185
0 17 0.423958 0.514815 0.025000 0.124074
0 18 0.439063 0.503241 0.027083 0.123148
0 19 0.446875 0.478704 0.028125 0.112963
0 20 0.481510 0.480093 0.028646 0.123148
0 21 0.471354 0.497222 0.030208 0.116667
0 22 0.437240 0.572685 0.034896 0.158333
0 23 0.470052 0.576389 0.032813 0.152778
0 24 0.494010 0.576389 0.031771 0.139815
0 25 0.511719 0.556019 0.031771 0.134259
0 26 0.544792 0.548148 0.031250 0.124074
0 27 0.538802 0.538426 0.028646 0.119444
0 28 0.507812 0.600463 0.043750 0.150926
0 29 0.530990 0.613889 0.027604 0.111111
0 30 0.541667 0.619444 0.038542 0.175926
0 31 0.522917 0.661111 0.038542 0.190741
0 32 0.573958 0.550000 0.029167 0.138889
0 33 0.590365 0.591667 0.036979 0.170370
0 34 0.582292 0.634259 0.038542 0.151852
0 73 0.647917 0.460648 0.028125 0.089815
0 74 0.664583 0.458796 0.033333 0.097222
