0 1 0.183073 0.876389 0.067187 0.249074
0 2 0.247917 0.874074 0.061458 0.253704
0 3 0.266146 0.843056 0.050000 0.230556
0 4 0.959115 0.894907 0.052604 0.212037
0 5 0.370573 0.793519 0.052604 0.214815
0 6 0.416146 0.796759 0.051042 0.200926
0 7 0.796354 0.735648 0.048958 0.215741
0 8 0.811198 0.727778 0.046354 0.203704
0 9 0.802344 0.559259 0.027604 0.092593
0 10 0.735417 0.705556 0.042708 0.185185
0 11 0.801823 0.681019 0.042188 0.165741
0 12 0.668750 0.709259 0.041667 0.192593
0 13 0.600521 0.706019 0.039583 0.187963
0 14 0.776563 0.656019 0.039583 0.167593
0 15 0.422917 0.523611 0.023958 0.099074
0 16 0.450000 0.501389 0.026042 0.112037
0 17 0.425781 0.547222 0.025521 0.124074
0 18 0.452344 0.535185 0.030729 0.124074
0 19 0.474740 0.512037 0.025521 0.112963
0 20 0.508333 0.512963 0.026042 0.120370
0 21 0.480208 0.532870 0.031250 0.126852
0 22 0.442188 0.612500 0.043750 0.165741
0 23 0.479427 0.613426 0.031771 0.160185
0 24 0.504948 0.615278 0.031771 0.145370
0 25 0.528385 0.589352 0.033854 0.134259
0 26 0.560937 0.589815 0.032292 0.131481
0 27 0.554167 0.577315 0.028125 0.119444
0 28 0.510938 0.639352 0.035417 0.156481
0 29 0.539583 0.655556 0.027083 0.122222
0 30 0.556771 0.663426 0.037500 0.178704
0 31 0.557552 0.706481 0.041146 0.194444
0 32 0.588542 0.584259 0.030208 0.140741
0 33 0.610156 0.621759 0.033854 0.154630
0 34 0.602344 0.673148 0.041146 0.153704
0 38 0.916927 0.854630 0.053646 0.201852
0 73 0.666146 0.481481 0.028125 0.090741
0 74 0.688802 0.478241 0.032813 0.095370
