0 1 0.163542 0.874074 0.066667 0.253704
0 2 0.234375 0.873148 0.062500 0.255556
0 3 0.256771 0.839815 0.051042 0.237037
0 4 0.922656 0.887037 0.054688 0.227778
0 5 0.371875 0.766204 0.051042 0.210185
0 6 0.417448 0.768056 0.050521 0.195370
0 7 0.813021 0.733333 0.050000 0.216667
0 8 0.846094 0.722685 0.042188 0.204630
0 9 0.802344 0.542593 0.027604 0.092593
0 10 0.753646 0.693056 0.041667 0.186111
0 11 0.784375 0.656944 0.041667 0.165741
0 12 0.650781 0.678241 0.041146 0.184259
0 13 0.576302 0.679630 0.039062 0.181481
0 14 0.757812 0.628241 0.038542 0.165741
0 15 0.411458 0.504630 0.023958 0.098148
0 16 0.434896 0.481944 0.026042 0.112037
0 17 0.424479 0.528704 0.025000 0.124074
0 18 0.445573 0.518056 0.029687 0.123148
0 19 0.458854 0.491204 0.027083 0.112037
0 20 0.495833 0.491204 0.026042 0.121296
0 21 0.475000 0.508796 0.034375 0.119444
0 22 0.437500 0.585648 0.035417 0.163889
0 23 0.475260 0.591667 0.032813 0.155556
0 24 0.498698 0.593981 0.031771 0.143519
0 25 0.520312 0.568981 0.033333 0.134259
0 26 0.551302 0.563426 0.031771 0.126852
0 27 0.545833 0.554630 0.028125 0.118519
0 28 0.506771 0.614815 0.043750 0.151852
0 29 0.534115 0.631944 0.027604 0.115741
0 30 0.546354 0.638426 0.038542 0.176852
0 31 0.536979 0.679630 0.038542 0.192593
0 32 0.582292 0.562963 0.030208 0.140741
0 33 0.597656 0.602778 0.033854 0.166667
0 34 0.591406 0.648611 0.039062 0.152778
0 38 0.969792 0.833333 0.048958 0.196296
0 73 0.655729 0.466204 0.028125 0.089815
0 74 0.676042 0.467593 0.033333 0.096296
