0 1 0.187240 0.876852 0.067187 0.248148
0 2 0.249479 0.874074 0.060417 0.253704
0 3 0.268750 0.843981 0.050000 0.228704
0 4 0.967187 0.894907 0.046875 0.212037
0 5 0.370573 0.798148 0.052604 0.214815
0 6 0.416667 0.802315 0.051042 0.200926
0 7 0.793750 0.736574 0.048958 0.215741
0 8 0.807813 0.727315 0.044792 0.202778
0 9 0.802865 0.561111 0.027604 0.092593
0 10 0.733333 0.707407 0.044792 0.185185
0 11 0.804688 0.684722 0.042708 0.165741
0 12 0.671354 0.714352 0.041667 0.193519
0 13 0.603646 0.709722 0.039583 0.187963
0 14 0.779687 0.658796 0.039583 0.165741
0 15 0.425000 0.526852 0.023958 0.098148
0 16 0.452083 0.505093 0.026042 0.112037
0 17 0.426302 0.550000 0.025521 0.124074
0 18 0.453385 0.537963 0.030729 0.124074
0 19 0.477604 0.515741 0.026042 0.112963
0 20 0.510417 0.516204 0.027083 0.121296
0 21 0.480990 0.537037 0.030729 0.127778
0 22 0.443229 0.617130 0.045833 0.165741
0 23 0.479687 0.617593 0.031250 0.161111
0 24 0.505729 0.618519 0.031250 0.146296
0 25 0.529687 0.595370 0.033333 0.135185
0 26 0.561979 0.592593 0.032292 0.133333
0 27 0.555208 0.580556 0.028125 0.120370
0 28 0.512500 0.642130 0.036458 0.156481
0 29 0.541146 0.659259 0.027083 0.124074
0 30 0.558854 0.667130 0.037500 0.178704
0 31 0.561458 0.709259 0.040625 0.196296
0 32 0.589583 0.587037 0.030208 0.140741
0 33 0.613281 0.624537 0.033854 0.154630
0 34 0.603646 0.676852 0.040625 0.153704
0 38 0.907552 0.856019 0.048438 0.202778
0 73 0.667708 0.484259 0.028125 0.090741
0 74 0.691146 0.479630 0.032292 0.094444
