0 1 0.233073 0.827778 0.067187 0.242593
0 2 0.289583 0.836111 0.055208 0.250000
0 3 0.327865 0.799537 0.046354 0.212037
0 5 0.351042 0.852315 0.055208 0.234259
0 6 0.404948 0.857407 0.056771 0.220370
0 7 0.714323 0.704167 0.046354 0.195370
0 8 0.716927 0.697685 0.038021 0.189815
0 9 0.807552 0.557407 0.027604 0.092593
0 10 0.664583 0.687037 0.033333 0.181481
0 11 0.833333 0.712963 0.039583 0.183333
0 12 0.751563 0.744907 0.044792 0.200926
0 13 0.680208 0.743519 0.050000 0.196296
0 14 0.821615 0.693981 0.040104 0.180556
0 15 0.445312 0.542130 0.023958 0.106481
0 16 0.474219 0.529630 0.029687 0.122222
0 17 0.434375 0.568981 0.027083 0.125000
0 18 0.483594 0.558333 0.030729 0.124074
0 19 0.498437 0.533796 0.026042 0.113889
0 20 0.539323 0.536111 0.030729 0.125926
0 21 0.511979 0.558333 0.030208 0.129630
0 22 0.474219 0.648148 0.042188 0.175926
0 23 0.501042 0.643519 0.043750 0.166667
0 24 0.534896 0.640741 0.034375 0.151852
0 25 0.560677 0.624074 0.031771 0.142593
0 26 0.591146 0.621296 0.032292 0.150000
0 27 0.575781 0.604630 0.028646 0.125926
0 28 0.534115 0.678241 0.044271 0.167593
0 29 0.567448 0.698611 0.031771 0.128704
0 30 0.610417 0.705556 0.040625 0.192593
0 31 0.636458 0.749537 0.043750 0.204630
0 32 0.625781 0.612037 0.029687 0.142593
0 33 0.694792 0.662037 0.035417 0.168519
0 34 0.655990 0.711111 0.036979 0.168519
0 35 0.010156 0.962500 0.019271 0.075000
0 38 0.715104 0.849074 0.043750 0.203704
0 39 0.871615 0.828241 0.051562 0.212037
0 52 0.422917 0.501389 0.026042 0.104630
0 53 0.393229 0.489352 0.025000 0.115741
0 73 0.702083 0.480556 0.026042 0.090741
0 74 0.726302 0.478241 0.029687 0.089815
