0 1 0.193750 0.876852 0.067708 0.248148
0 2 0.252604 0.873611 0.060417 0.252778
0 3 0.273177 0.845370 0.050521 0.225926
0 4 0.980208 0.894907 0.038542 0.212037
0 5 0.371094 0.805093 0.052604 0.217593
0 6 0.417708 0.810648 0.051042 0.200926
0 7 0.789583 0.737963 0.047917 0.214815
0 8 0.802604 0.727778 0.042708 0.201852
0 9 0.803385 0.562963 0.027604 0.092593
0 10 0.728385 0.707870 0.044271 0.184259
0 11 0.808333 0.689815 0.042708 0.168519
0 12 0.676042 0.720833 0.041667 0.195370
0 13 0.608333 0.713889 0.039583 0.188889
0 14 0.782813 0.664352 0.039583 0.165741
0 15 0.428125 0.531944 0.023958 0.099074
0 16 0.455208 0.509722 0.026042 0.112037
0 17 0.427344 0.554630 0.025521 0.124074
0 18 0.454688 0.541667 0.030208 0.124074
0 19 0.478646 0.518519 0.026042 0.112963
0 20 0.513021 0.520370 0.028125 0.120370
0 21 0.482812 0.541204 0.030208 0.128704
0 22 0.446354 0.620370 0.042708 0.166667
0 23 0.480208 0.622685 0.031250 0.162037
0 24 0.507031 0.623148 0.031771 0.146296
0 25 0.532031 0.600926 0.032813 0.135185
0 26 0.563281 0.596296 0.031771 0.135185
0 27 0.556510 0.586111 0.027604 0.122222
0 28 0.514844 0.646759 0.038021 0.156481
0 29 0.542708 0.664815 0.027083 0.125926
0 30 0.561458 0.671759 0.037500 0.178704
0 31 0.567187 0.713889 0.039583 0.198148
0 32 0.591146 0.591667 0.030208 0.140741
0 33 0.618490 0.630093 0.033854 0.154630
0 34 0.605469 0.682407 0.040104 0.153704
0 38 0.894792 0.859259 0.047917 0.203704
0 73 0.670052 0.487037 0.027604 0.090741
0 74 0.694010 0.481481 0.031771 0.094444
