0 1 0.236979 0.800463 0.062500 0.234259
0 2 0.294792 0.812037 0.055208 0.246296
0 3 0.341927 0.779167 0.044271 0.210185
0 5 0.342708 0.860185 0.055208 0.238889
0 6 0.401562 0.862037 0.059375 0.224074
0 7 0.690625 0.689815 0.045833 0.194444
0 8 0.691146 0.689352 0.036458 0.193519
0 9 0.805990 0.549074 0.027604 0.092593
0 10 0.651563 0.673148 0.033333 0.181481
0 11 0.837500 0.707870 0.039583 0.186111
0 12 0.757292 0.747685 0.043750 0.202778
0 13 0.691927 0.750463 0.047396 0.202778
0 14 0.829427 0.689352 0.040104 0.184259
0 15 0.446094 0.538426 0.023438 0.106481
0 16 0.475260 0.526389 0.030729 0.126852
0 17 0.433854 0.565278 0.027083 0.126852
0 18 0.488542 0.550926 0.030208 0.124074
0 19 0.499479 0.530093 0.026042 0.117593
0 20 0.542448 0.532407 0.031771 0.125926
0 21 0.516667 0.555556 0.030208 0.129630
0 22 0.478385 0.643981 0.048438 0.182407
0 23 0.504167 0.642130 0.037500 0.173148
0 24 0.538542 0.636111 0.034375 0.151852
0 25 0.566146 0.617593 0.032292 0.153704
0 26 0.592448 0.616667 0.033854 0.157407
0 27 0.587500 0.601852 0.029167 0.125926
0 28 0.543490 0.678704 0.044271 0.168519
0 29 0.572917 0.697685 0.032292 0.128704
0 30 0.633333 0.700000 0.040625 0.192593
0 31 0.646615 0.748611 0.047396 0.208333
0 32 0.647396 0.606019 0.029167 0.143519
0 33 0.713021 0.656481 0.036458 0.168519
0 34 0.676823 0.710185 0.036979 0.172222
0 35 0.011719 0.953704 0.022396 0.092593
0 36 0.045052 0.978241 0.036979 0.045370
0 38 0.666927 0.842593 0.054688 0.203704
0 39 0.829167 0.823611 0.061458 0.213889
0 52 0.438021 0.493056 0.026042 0.104630
0 53 0.401042 0.483796 0.027083 0.126852
0 73 0.709375 0.471296 0.026042 0.090741
0 74 0.732031 0.471759 0.029687 0.089815
