0 1 0.224740 0.852315 0.063021 0.249074
0 2 0.281771 0.856019 0.057292 0.254630
0 3 0.312240 0.825463 0.050521 0.217593
0 5 0.366927 0.850463 0.054688 0.234259
0 6 0.406510 0.852315 0.055729 0.213889
0 7 0.732292 0.722685 0.046875 0.200926
0 8 0.744010 0.716667 0.042188 0.196296
0 9 0.807031 0.562963 0.027604 0.092593
0 10 0.680729 0.704167 0.039583 0.182407
0 11 0.830990 0.716204 0.040104 0.186111
0 12 0.734375 0.747222 0.051042 0.196296
0 13 0.661198 0.746759 0.044271 0.195370
0 14 0.810156 0.696759 0.040104 0.173148
0 15 0.444792 0.548611 0.023958 0.106481
0 16 0.472396 0.532870 0.029167 0.115741
0 17 0.434635 0.574537 0.026562 0.123148
0 18 0.476562 0.564815 0.032292 0.124074
0 19 0.492708 0.536111 0.026042 0.112963
0 20 0.536198 0.544907 0.029687 0.123148
0 21 0.505208 0.559259 0.030208 0.129630
0 22 0.468750 0.650463 0.044792 0.173148
0 23 0.489583 0.649537 0.033333 0.165741
0 24 0.525521 0.643519 0.034375 0.151852
0 25 0.552865 0.625000 0.031771 0.138889
0 26 0.583854 0.620370 0.034375 0.142593
0 27 0.571615 0.609722 0.027604 0.126852
0 28 0.528646 0.681481 0.042708 0.162963
0 29 0.561979 0.696296 0.028125 0.129630
0 30 0.592708 0.705093 0.038542 0.193519
0 31 0.621354 0.748148 0.040625 0.201852
0 32 0.608333 0.614815 0.030208 0.140741
0 33 0.672917 0.661111 0.034375 0.168519
0 34 0.638281 0.716667 0.036979 0.164815
0 38 0.772656 0.863889 0.053646 0.203704
0 39 0.918750 0.838889 0.052083 0.211111
0 52 0.406771 0.507407 0.026042 0.103704
0 73 0.692708 0.487037 0.026042 0.090741
0 74 0.719010 0.483796 0.029687 0.089815
