0 1 0.208333 0.875000 0.067708 0.251852
0 2 0.263542 0.874074 0.059375 0.250000
0 3 0.290625 0.843519 0.051042 0.224074
0 5 0.372135 0.827315 0.058854 0.225000
0 6 0.413281 0.829167 0.051562 0.202778
0 7 0.769792 0.737037 0.048958 0.207407
0 8 0.782292 0.729630 0.042708 0.201852
0 9 0.805990 0.570370 0.027604 0.092593
0 10 0.709896 0.712037 0.041667 0.181481
0 11 0.823698 0.710185 0.042188 0.179630
0 12 0.699479 0.739352 0.041667 0.193519
0 13 0.624740 0.731481 0.039062 0.190741
0 14 0.795573 0.682870 0.040104 0.165741
0 15 0.439063 0.543981 0.023958 0.099074
0 16 0.464323 0.525463 0.025521 0.112037
0 17 0.431771 0.567593 0.026042 0.124074
0 18 0.461458 0.555093 0.031250 0.123148
0 19 0.483854 0.530556 0.026042 0.112963
0 20 0.521875 0.537037 0.029167 0.122222
0 21 0.489844 0.556019 0.029687 0.128704
0 22 0.456771 0.637963 0.035417 0.175926
0 23 0.483073 0.637037 0.031771 0.162963
0 24 0.515885 0.638889 0.031771 0.146296
0 25 0.540625 0.615278 0.031250 0.136111
0 26 0.571354 0.611111 0.032292 0.135185
0 27 0.562500 0.603241 0.027083 0.126852
0 28 0.521875 0.664352 0.041667 0.158333
0 29 0.548958 0.681481 0.027083 0.129630
0 30 0.572656 0.690278 0.038021 0.182407
0 31 0.590365 0.737037 0.040104 0.198148
0 32 0.596875 0.607407 0.030208 0.140741
0 33 0.637760 0.650000 0.032813 0.168519
0 34 0.615365 0.701852 0.038021 0.159259
0 38 0.846875 0.868519 0.061458 0.203704
0 39 0.979948 0.838426 0.038021 0.208333
0 73 0.677344 0.491667 0.026562 0.090741
0 74 0.706771 0.489815 0.030208 0.090741
