0 1 0.177083 0.873611 0.067708 0.252778
0 2 0.245312 0.874074 0.062500 0.253704
0 3 0.261979 0.842130 0.050000 0.234259
0 4 0.954948 0.891204 0.052604 0.215741
0 5 0.370573 0.787037 0.052604 0.214815
0 6 0.415625 0.788426 0.051042 0.200926
0 7 0.800521 0.733796 0.050000 0.215741
0 8 0.816667 0.727778 0.047917 0.203704
0 9 0.801823 0.557407 0.027604 0.092593
0 10 0.739583 0.702315 0.041667 0.186111
0 11 0.797656 0.675463 0.042188 0.165741
0 12 0.664583 0.701389 0.041667 0.189815
0 13 0.594531 0.699537 0.039062 0.186111
0 14 0.771875 0.651852 0.039583 0.170370
0 15 0.420312 0.518981 0.023958 0.099074
0 16 0.446875 0.496759 0.026042 0.112037
0 17 0.425000 0.542593 0.025000 0.124074
0 18 0.451042 0.531019 0.031250 0.123148
0 19 0.470833 0.506481 0.026042 0.112963
0 20 0.505208 0.508796 0.025000 0.121296
0 21 0.478906 0.527315 0.031771 0.125000
0 22 0.441146 0.605556 0.041667 0.164815
0 23 0.478906 0.607407 0.031771 0.159259
0 24 0.503646 0.610648 0.031250 0.145370
0 25 0.525781 0.583796 0.032813 0.134259
0 26 0.558333 0.583333 0.032292 0.129630
0 27 0.552604 0.572222 0.028125 0.118519
0 28 0.509896 0.633333 0.037500 0.155556
0 29 0.538021 0.649537 0.027083 0.121296
0 30 0.554167 0.658796 0.037500 0.178704
0 31 0.551823 0.701852 0.042188 0.192593
0 32 0.586979 0.579630 0.030208 0.140741
0 33 0.605469 0.616204 0.033854 0.154630
0 34 0.600260 0.667593 0.042188 0.153704
0 38 0.930990 0.850926 0.057813 0.201852
0 73 0.663802 0.477315 0.027604 0.089815
0 74 0.685677 0.475926 0.032813 0.096296
