0 1 0.143750 0.875926 0.072917 0.248148
0 2 0.216927 0.876389 0.064062 0.249074
0 3 0.238281 0.847685 0.052604 0.239815
0 4 0.890625 0.885648 0.055208 0.230556
0 5 0.372396 0.739352 0.050000 0.206481
0 6 0.419010 0.739815 0.048438 0.190741
0 7 0.846615 0.734722 0.057813 0.223148
0 8 0.882292 0.721759 0.039583 0.204630
0 9 0.797135 0.522222 0.027604 0.092593
0 10 0.780469 0.688426 0.041146 0.193519
0 11 0.767448 0.633796 0.042188 0.165741
0 12 0.628646 0.656944 0.035417 0.180556
0 13 0.558854 0.656019 0.043750 0.178704
0 14 0.737240 0.616667 0.034896 0.164815
0 15 0.398698 0.485185 0.023438 0.098148
0 16 0.414583 0.470370 0.026042 0.109259
0 17 0.423698 0.510185 0.025521 0.124074
0 18 0.435937 0.497222 0.027083 0.124074
0 19 0.442188 0.474074 0.028125 0.112963
0 20 0.475521 0.478241 0.029167 0.125000
0 21 0.470052 0.493056 0.028646 0.115741
0 22 0.438802 0.567593 0.034896 0.157407
0 23 0.467187 0.569907 0.032292 0.150926
0 24 0.492969 0.570833 0.031771 0.139815
0 25 0.509115 0.550463 0.032813 0.134259
0 26 0.542188 0.543981 0.031250 0.125000
0 27 0.536198 0.533796 0.028646 0.119444
0 28 0.508333 0.595833 0.043750 0.150926
0 29 0.529687 0.607407 0.028125 0.109259
0 30 0.540104 0.613889 0.038542 0.175926
0 31 0.517708 0.654630 0.038542 0.188889
0 32 0.570833 0.545833 0.029167 0.137963
0 33 0.587500 0.587963 0.038542 0.170370
0 34 0.578906 0.629167 0.038021 0.150926
0 73 0.645312 0.458796 0.028125 0.089815
0 74 0.660156 0.456944 0.033854 0.099074
