0 1 0.168490 0.874074 0.067187 0.253704
0 2 0.239063 0.872685 0.062500 0.256481
0 3 0.258594 0.840278 0.050521 0.236111
0 4 0.938542 0.887037 0.053125 0.224074
0 5 0.371354 0.774537 0.052083 0.213889
0 6 0.417187 0.778704 0.051042 0.198148
0 7 0.808073 0.732870 0.050521 0.215741
0 8 0.832292 0.723611 0.042708 0.202778
0 9 0.803906 0.548148 0.027604 0.092593
0 10 0.747917 0.696759 0.041667 0.186111
0 11 0.789844 0.664352 0.042188 0.165741
0 12 0.656250 0.685648 0.041667 0.186111
0 13 0.582552 0.686574 0.038021 0.182407
0 14 0.763281 0.637500 0.039062 0.169444
0 15 0.414583 0.510185 0.023958 0.098148
0 16 0.440104 0.486574 0.026042 0.112037
0 17 0.424479 0.534259 0.025000 0.124074
0 18 0.447656 0.522685 0.030729 0.123148
0 19 0.463021 0.495833 0.026042 0.112037
0 20 0.499479 0.498611 0.025000 0.121296
0 21 0.476562 0.515741 0.033333 0.122222
0 22 0.438802 0.591667 0.036979 0.164815
0 23 0.477083 0.597685 0.032292 0.156481
0 24 0.500781 0.600926 0.031771 0.144444
0 25 0.521354 0.576389 0.031250 0.134259
0 26 0.553646 0.570833 0.032292 0.126852
0 27 0.548958 0.562037 0.028125 0.118519
0 28 0.507812 0.621759 0.041667 0.152778
0 29 0.535156 0.638426 0.027604 0.117593
0 30 0.548698 0.647685 0.038021 0.178704
0 31 0.541146 0.686111 0.038542 0.192593
0 32 0.584375 0.569444 0.030208 0.140741
0 33 0.600260 0.608333 0.033854 0.161111
0 34 0.594792 0.655093 0.039583 0.152778
0 38 0.958854 0.839815 0.052083 0.201852
0 73 0.658854 0.468981 0.028125 0.089815
0 74 0.679688 0.471296 0.033333 0.096296
