0 1 0.210938 0.871296 0.072917 0.253704
0 2 0.266406 0.873611 0.058854 0.250926
0 3 0.295312 0.841667 0.051042 0.224074
0 5 0.370052 0.833796 0.057813 0.226852
0 6 0.410417 0.836111 0.053125 0.205556
0 7 0.760417 0.734722 0.051042 0.202778
0 8 0.769792 0.728241 0.042708 0.199074
0 9 0.805990 0.568519 0.027604 0.092593
0 10 0.702083 0.710648 0.041667 0.182407
0 11 0.826042 0.712500 0.041667 0.182407
0 12 0.708854 0.741667 0.044792 0.194444
0 13 0.633594 0.737500 0.040104 0.191667
0 14 0.799740 0.686574 0.040104 0.165741
0 15 0.440625 0.544907 0.023958 0.100926
0 16 0.466406 0.527778 0.026562 0.112963
0 17 0.431771 0.571296 0.026042 0.124074
0 18 0.464583 0.559722 0.032292 0.123148
0 19 0.486198 0.535185 0.025521 0.112963
0 20 0.525000 0.542130 0.029167 0.123148
0 21 0.493490 0.558796 0.029687 0.128704
0 22 0.462500 0.642130 0.038542 0.169444
0 23 0.483073 0.642130 0.031771 0.163889
0 24 0.519271 0.642130 0.032292 0.147222
0 25 0.543750 0.618981 0.031250 0.137963
0 26 0.575781 0.614352 0.033854 0.134259
0 27 0.565104 0.605093 0.027083 0.126852
0 28 0.523438 0.670370 0.041667 0.161111
0 29 0.551042 0.685185 0.027083 0.129630
0 30 0.576302 0.695833 0.038021 0.189815
0 31 0.600000 0.740741 0.040625 0.198148
0 32 0.597917 0.611111 0.030208 0.140741
0 33 0.643490 0.654630 0.033854 0.168519
0 34 0.620052 0.708333 0.036979 0.161111
0 38 0.829948 0.868519 0.065104 0.203704
0 39 0.966146 0.837963 0.056250 0.207407
0 73 0.680729 0.492593 0.026042 0.090741
0 74 0.711198 0.490278 0.029687 0.089815
