0 1 0.167187 0.874074 0.066667 0.253704
0 2 0.238021 0.872685 0.062500 0.256481
0 3 0.258073 0.840278 0.050521 0.236111
0 4 0.934635 0.887500 0.053646 0.225000
0 5 0.371354 0.772222 0.052083 0.212963
0 6 0.417187 0.775463 0.051042 0.197222
0 7 0.809375 0.733333 0.051042 0.216667
0 8 0.835677 0.723148 0.042188 0.203704
0 9 0.803385 0.546296 0.027604 0.092593
0 10 0.749479 0.695833 0.041667 0.186111
0 11 0.788542 0.662500 0.041667 0.165741
0 12 0.654687 0.683333 0.041667 0.185185
0 13 0.580469 0.684259 0.038021 0.181481
0 14 0.761719 0.634259 0.039062 0.168519
0 15 0.414062 0.508333 0.023958 0.098148
0 16 0.439063 0.484722 0.026042 0.112037
0 17 0.424479 0.532407 0.025000 0.124074
0 18 0.447396 0.521759 0.030208 0.123148
0 19 0.461979 0.494907 0.026042 0.112037
0 20 0.498698 0.496759 0.025521 0.121296
0 21 0.476302 0.513426 0.033854 0.121296
0 22 0.438281 0.589815 0.035937 0.164815
0 23 0.476823 0.595833 0.032813 0.156481
0 24 0.500260 0.599074 0.031771 0.144444
0 25 0.521094 0.574537 0.031771 0.134259
0 26 0.552865 0.568981 0.031771 0.126852
0 27 0.547917 0.560185 0.028125 0.118519
0 28 0.507552 0.619907 0.042188 0.152778
0 29 0.534896 0.637037 0.027083 0.116667
0 30 0.548177 0.645370 0.038021 0.177778
0 31 0.540104 0.684259 0.038542 0.192593
0 32 0.583854 0.567593 0.030208 0.140741
0 33 0.599740 0.606944 0.033854 0.162037
0 34 0.594010 0.653241 0.039062 0.152778
0 38 0.961458 0.837963 0.051042 0.200000
0 73 0.658333 0.468056 0.028125 0.089815
0 74 0.678646 0.470370 0.033333 0.096296
