0 1 0.231510 0.832407 0.067187 0.242593
0 2 0.288542 0.840278 0.055208 0.250926
0 3 0.327604 0.804167 0.046875 0.213889
0 5 0.354167 0.851389 0.055208 0.234259
0 6 0.404948 0.856944 0.056771 0.219444
0 7 0.716667 0.707407 0.046875 0.196296
0 8 0.721875 0.701852 0.039583 0.192593
0 9 0.807552 0.558333 0.027604 0.092593
0 10 0.666667 0.688889 0.033333 0.181481
0 11 0.832812 0.713889 0.039583 0.183333
0 12 0.748958 0.745370 0.045833 0.200000
0 13 0.675521 0.742593 0.045833 0.196296
0 14 0.820052 0.694907 0.040104 0.178704
0 15 0.445312 0.543056 0.023958 0.106481
0 16 0.473698 0.530093 0.029687 0.121296
0 17 0.434375 0.569907 0.027083 0.125000
0 18 0.482552 0.559259 0.030729 0.124074
0 19 0.498437 0.535185 0.026042 0.112963
0 20 0.538802 0.537500 0.030729 0.125000
0 21 0.510938 0.558333 0.030208 0.129630
0 22 0.473958 0.648611 0.039583 0.175000
0 23 0.499740 0.644907 0.043229 0.165741
0 24 0.533333 0.640741 0.034375 0.151852
0 25 0.559115 0.624074 0.031771 0.140741
0 26 0.590104 0.621759 0.032292 0.150926
0 27 0.575260 0.605556 0.028646 0.125926
0 28 0.533073 0.678704 0.044271 0.166667
0 29 0.566927 0.698611 0.031771 0.128704
0 30 0.607292 0.705556 0.040625 0.192593
0 31 0.634635 0.750463 0.043229 0.204630
0 32 0.622917 0.612500 0.030208 0.141667
0 33 0.691927 0.662963 0.034896 0.168519
0 34 0.653385 0.712963 0.036979 0.166667
0 35 0.010156 0.964352 0.019271 0.073148
0 38 0.725260 0.855556 0.052604 0.203704
0 39 0.879427 0.829630 0.050521 0.211111
0 52 0.420312 0.502315 0.026042 0.104630
0 73 0.701042 0.481481 0.026042 0.090741
0 74 0.725260 0.479167 0.029687 0.089815
