0 1 0.142187 0.875926 0.072917 0.248148
0 2 0.215365 0.876852 0.064062 0.248148
0 3 0.236979 0.848611 0.053125 0.239815
0 4 0.889062 0.885648 0.054167 0.230556
0 5 0.372396 0.738889 0.050000 0.205556
0 6 0.419010 0.737963 0.048438 0.190741
0 7 0.849219 0.734722 0.058854 0.223148
0 8 0.884896 0.721759 0.039583 0.204630
0 9 0.796875 0.520370 0.027083 0.092593
0 10 0.782552 0.688889 0.041146 0.194444
0 11 0.766406 0.632407 0.042188 0.164815
0 12 0.627083 0.655556 0.035417 0.179630
0 13 0.557552 0.654630 0.043229 0.177778
0 14 0.735677 0.614815 0.034896 0.164815
0 15 0.398177 0.484259 0.023438 0.098148
0 16 0.413542 0.469444 0.026042 0.109259
0 17 0.423698 0.509259 0.025521 0.124074
0 18 0.435156 0.496296 0.026562 0.124074
0 19 0.441146 0.473148 0.028125 0.112963
0 20 0.474219 0.477315 0.029687 0.125000
0 21 0.469792 0.492130 0.028125 0.115741
0 22 0.438802 0.566204 0.034896 0.158333
0 23 0.466667 0.568519 0.032292 0.150000
0 24 0.492708 0.569444 0.032292 0.140741
0 25 0.508333 0.548611 0.033333 0.134259
0 26 0.541406 0.542593 0.031771 0.125926
0 27 0.535677 0.532870 0.028646 0.119444
0 28 0.508333 0.593981 0.043750 0.150926
0 29 0.529687 0.606019 0.028125 0.108333
0 30 0.539844 0.612963 0.038021 0.175926
0 31 0.516146 0.653241 0.038542 0.187963
0 32 0.570052 0.544907 0.028646 0.137963
0 33 0.586979 0.587037 0.038542 0.170370
0 34 0.578385 0.627315 0.038021 0.150926
0 73 0.644271 0.458796 0.028125 0.089815
0 74 0.659115 0.456944 0.033854 0.099074
