0 1 0.238542 0.797685 0.062500 0.234259
0 2 0.295312 0.807407 0.055208 0.246296
0 3 0.344271 0.776389 0.044792 0.210185
0 5 0.340885 0.862037 0.055729 0.240741
0 6 0.400260 0.863426 0.058854 0.225000
0 7 0.686198 0.687037 0.045312 0.194444
0 8 0.686979 0.688889 0.036458 0.194444
0 9 0.805729 0.547222 0.028125 0.092593
0 10 0.649479 0.671296 0.033333 0.181481
0 11 0.838542 0.707407 0.039583 0.187037
0 12 0.757812 0.747685 0.043750 0.202778
0 13 0.691927 0.751389 0.043229 0.204630
0 14 0.830469 0.688426 0.040104 0.184259
0 15 0.446615 0.538426 0.023438 0.106481
0 16 0.475260 0.526389 0.030729 0.126852
0 17 0.433854 0.564815 0.027083 0.127778
0 18 0.489063 0.550926 0.030208 0.124074
0 19 0.499479 0.529167 0.026042 0.119444
0 20 0.542969 0.531481 0.031771 0.125926
0 21 0.517188 0.554630 0.030208 0.129630
0 22 0.479427 0.643981 0.044271 0.182407
0 23 0.504687 0.642130 0.037500 0.173148
0 24 0.539323 0.636111 0.033854 0.151852
0 25 0.566667 0.616667 0.032292 0.153704
0 26 0.593229 0.616204 0.036458 0.156481
0 27 0.589583 0.601389 0.029167 0.126852
0 28 0.545052 0.679630 0.044271 0.168519
0 29 0.573958 0.696759 0.032292 0.128704
0 30 0.637500 0.699074 0.040625 0.192593
0 31 0.647917 0.749537 0.046875 0.210185
0 32 0.651563 0.605093 0.029167 0.143519
0 33 0.716146 0.655556 0.036458 0.168519
0 34 0.680469 0.710185 0.036979 0.172222
0 35 0.012240 0.952315 0.023438 0.095370
0 36 0.045833 0.976389 0.038542 0.049074
0 38 0.657813 0.840278 0.051042 0.204630
0 39 0.820052 0.823611 0.063021 0.213889
0 52 0.440625 0.491204 0.026042 0.104630
0 53 0.402604 0.483796 0.027083 0.128704
0 73 0.710417 0.470370 0.026042 0.090741
0 74 0.732552 0.469907 0.029687 0.089815
