0 1 0.236198 0.806019 0.063021 0.237963
0 2 0.293750 0.815741 0.055208 0.246296
0 3 0.338802 0.781481 0.044271 0.209259
0 5 0.343750 0.858796 0.055208 0.237963
0 6 0.402865 0.860648 0.058854 0.223148
0 7 0.695052 0.691667 0.046354 0.194444
0 8 0.695312 0.690278 0.036458 0.191667
0 9 0.806510 0.550926 0.027604 0.092593
0 10 0.653646 0.675000 0.033333 0.181481
0 11 0.836979 0.708796 0.039583 0.186111
0 12 0.756771 0.746759 0.043750 0.202778
0 13 0.691927 0.748611 0.050521 0.200926
0 14 0.828385 0.689815 0.040104 0.183333
0 15 0.446094 0.539352 0.023438 0.106481
0 16 0.475260 0.526389 0.030729 0.126852
0 17 0.433854 0.565278 0.027083 0.126852
0 18 0.488281 0.551852 0.029687 0.124074
0 19 0.499479 0.530556 0.026042 0.116667
0 20 0.541927 0.532407 0.031771 0.125926
0 21 0.516146 0.555556 0.030208 0.129630
0 22 0.477083 0.643981 0.052083 0.182407
0 23 0.503906 0.642130 0.038021 0.173148
0 24 0.538021 0.637037 0.034375 0.151852
0 25 0.566146 0.620370 0.032292 0.151852
0 26 0.592187 0.617593 0.031250 0.157407
0 27 0.584896 0.602315 0.029167 0.126852
0 28 0.541927 0.678704 0.044271 0.168519
0 29 0.571875 0.698611 0.032292 0.128704
0 30 0.629167 0.700926 0.040625 0.192593
0 31 0.645312 0.748148 0.047917 0.207407
0 32 0.643229 0.606944 0.029167 0.143519
0 33 0.710156 0.657407 0.035937 0.168519
0 34 0.673177 0.711111 0.036979 0.172222
0 35 0.011458 0.955556 0.021875 0.088889
0 36 0.044271 0.980093 0.035417 0.041667
0 38 0.675781 0.845370 0.058854 0.203704
0 39 0.838281 0.824074 0.059896 0.212963
0 52 0.435417 0.493981 0.026042 0.104630
0 53 0.399740 0.484722 0.026562 0.125000
0 73 0.707812 0.473148 0.026042 0.090741
0 74 0.731510 0.472685 0.029687 0.089815
