0 1 0.158594 0.874537 0.068229 0.252778
0 2 0.229948 0.874074 0.063021 0.253704
0 3 0.252083 0.840741 0.050000 0.238889
0 4 0.913281 0.886574 0.055729 0.228704
0 5 0.372396 0.758333 0.050000 0.207407
0 6 0.418229 0.758796 0.050000 0.193519
0 7 0.818229 0.734259 0.050000 0.218519
0 8 0.855990 0.722685 0.041146 0.204630
0 9 0.800781 0.537037 0.027604 0.092593
0 10 0.759115 0.689352 0.042188 0.186111
0 11 0.779167 0.650463 0.041667 0.165741
0 12 0.645312 0.672685 0.039583 0.184259
0 13 0.572135 0.675000 0.042188 0.181481
0 14 0.752604 0.628241 0.038542 0.165741
0 15 0.407813 0.499074 0.023958 0.098148
0 16 0.429688 0.478704 0.026042 0.111111
0 17 0.424479 0.523148 0.025000 0.124074
0 18 0.443490 0.512500 0.028646 0.123148
0 19 0.454427 0.486111 0.027604 0.112963
0 20 0.492188 0.484259 0.027083 0.120370
0 21 0.473698 0.504630 0.032813 0.118519
0 22 0.436458 0.581481 0.035417 0.161111
0 23 0.473698 0.586574 0.032813 0.154630
0 24 0.496615 0.587037 0.031771 0.142593
0 25 0.518490 0.562500 0.033854 0.134259
0 26 0.549219 0.556944 0.031771 0.126852
0 27 0.543229 0.548148 0.028125 0.118519
0 28 0.506771 0.609259 0.043750 0.151852
0 29 0.533073 0.625463 0.027604 0.113889
0 30 0.544271 0.629630 0.038542 0.175926
0 31 0.532813 0.672222 0.038542 0.192593
0 32 0.579948 0.557407 0.029687 0.140741
0 33 0.594792 0.598148 0.034375 0.170370
0 34 0.588021 0.643519 0.038542 0.151852
0 73 0.653125 0.464352 0.028125 0.089815
0 74 0.671875 0.463889 0.033333 0.096296
