0 1 0.221354 0.860185 0.063542 0.250000
0 2 0.278125 0.860648 0.059375 0.256481
0 3 0.305729 0.825463 0.051042 0.217593
0 5 0.368490 0.846759 0.054688 0.232407
0 6 0.408073 0.849537 0.054688 0.212037
0 7 0.740365 0.726389 0.048438 0.200926
0 8 0.751042 0.720370 0.042708 0.196296
0 9 0.806510 0.563889 0.027604 0.092593
0 10 0.686458 0.708796 0.041667 0.182407
0 11 0.830729 0.716667 0.040625 0.187037
0 12 0.727604 0.746759 0.051042 0.195370
0 13 0.654167 0.744907 0.043750 0.195370
0 14 0.807552 0.693981 0.040104 0.169444
0 15 0.443750 0.547685 0.023958 0.104630
0 16 0.471094 0.532870 0.028646 0.113889
0 17 0.433073 0.575000 0.026562 0.124074
0 18 0.472917 0.563426 0.032292 0.123148
0 19 0.490885 0.536111 0.025521 0.112963
0 20 0.532813 0.543981 0.029167 0.123148
0 21 0.502083 0.559259 0.030208 0.129630
0 22 0.466667 0.650463 0.048958 0.173148
0 23 0.489063 0.648611 0.032292 0.165741
0 24 0.523698 0.643056 0.033854 0.150926
0 25 0.550260 0.625463 0.031771 0.139815
0 26 0.582552 0.620833 0.034896 0.137963
0 27 0.570312 0.609722 0.027083 0.126852
0 28 0.526823 0.678704 0.042188 0.162963
0 29 0.558854 0.694444 0.027083 0.129630
0 30 0.587500 0.703241 0.037500 0.193519
0 31 0.615885 0.746296 0.040104 0.200000
0 32 0.603646 0.615741 0.030208 0.140741
0 33 0.664062 0.659259 0.034375 0.168519
0 34 0.633073 0.715278 0.036979 0.163889
0 38 0.789323 0.865741 0.057813 0.203704
0 39 0.938281 0.838889 0.058854 0.207407
0 52 0.402865 0.507870 0.025521 0.104630
0 73 0.689583 0.488889 0.026042 0.090741
0 74 0.716406 0.485648 0.029687 0.089815
