0 1 0.206510 0.875000 0.067187 0.251852
0 2 0.261979 0.874074 0.059375 0.250000
0 3 0.286979 0.844444 0.051042 0.224074
0 5 0.372135 0.823611 0.055729 0.223148
0 6 0.415104 0.825000 0.051042 0.201852
0 7 0.775521 0.738426 0.047917 0.210185
0 8 0.789583 0.730556 0.042708 0.203704
0 9 0.805469 0.570370 0.027604 0.092593
0 10 0.714323 0.710648 0.042188 0.182407
0 11 0.820312 0.706481 0.042708 0.177778
0 12 0.693229 0.734259 0.041667 0.194444
0 13 0.620833 0.726852 0.039583 0.190741
0 14 0.792969 0.680093 0.040104 0.165741
0 15 0.435937 0.541204 0.023958 0.099074
0 16 0.461719 0.520833 0.025521 0.112037
0 17 0.431771 0.565741 0.026042 0.124074
0 18 0.459375 0.552315 0.030208 0.123148
0 19 0.482552 0.527778 0.025521 0.112963
0 20 0.520052 0.532870 0.029687 0.121296
0 21 0.488281 0.552315 0.029687 0.128704
0 22 0.454948 0.632407 0.034896 0.172222
0 23 0.483333 0.634722 0.031250 0.162037
0 24 0.513281 0.635185 0.031771 0.146296
0 25 0.538802 0.611111 0.031771 0.135185
0 26 0.569531 0.607407 0.033854 0.135185
0 27 0.560937 0.602315 0.027083 0.126852
0 28 0.521094 0.661111 0.042188 0.157407
0 29 0.547396 0.678704 0.027083 0.129630
0 30 0.570312 0.686574 0.038542 0.178704
0 31 0.584635 0.735185 0.040104 0.198148
0 32 0.595833 0.604630 0.030208 0.140741
0 33 0.634375 0.647222 0.032292 0.168519
0 34 0.613021 0.697222 0.038542 0.157407
0 38 0.860417 0.868519 0.064583 0.203704
0 73 0.675521 0.490741 0.027083 0.090741
0 74 0.703646 0.487500 0.030208 0.091667
