0 1 0.223177 0.856019 0.063021 0.249074
0 2 0.280208 0.857870 0.058333 0.254630
0 3 0.308854 0.825463 0.051042 0.217593
0 5 0.368229 0.849074 0.054167 0.233333
0 6 0.407292 0.850926 0.055208 0.212963
0 7 0.736458 0.724537 0.047917 0.200926
0 8 0.747396 0.718519 0.042708 0.196296
0 9 0.807031 0.563889 0.027604 0.092593
0 10 0.683333 0.706944 0.040625 0.182407
0 11 0.830729 0.716204 0.040625 0.186111
0 12 0.731771 0.748148 0.052083 0.196296
0 13 0.657813 0.745833 0.043750 0.195370
0 14 0.808594 0.695370 0.040104 0.172222
0 15 0.444271 0.548148 0.023958 0.105556
0 16 0.472396 0.534259 0.029167 0.114815
0 17 0.433594 0.574537 0.026562 0.123148
0 18 0.475000 0.563889 0.032292 0.124074
0 19 0.491927 0.536111 0.025521 0.112963
0 20 0.534375 0.543981 0.029167 0.123148
0 21 0.503646 0.559259 0.030208 0.129630
0 22 0.467708 0.650463 0.046875 0.173148
0 23 0.489063 0.649537 0.032292 0.165741
0 24 0.524479 0.643056 0.034375 0.150926
0 25 0.551823 0.625926 0.031771 0.138889
0 26 0.583073 0.620370 0.034896 0.140741
0 27 0.571354 0.610648 0.027083 0.126852
0 28 0.527865 0.679630 0.042188 0.162963
0 29 0.560937 0.696296 0.027083 0.129630
0 30 0.590365 0.705093 0.038021 0.193519
0 31 0.618750 0.747685 0.040625 0.200926
0 32 0.606250 0.615741 0.030208 0.140741
0 33 0.669271 0.660185 0.034375 0.168519
0 34 0.635677 0.716667 0.036979 0.164815
0 38 0.782813 0.865741 0.065625 0.203704
0 39 0.929688 0.837963 0.055208 0.209259
0 52 0.404948 0.507870 0.025521 0.104630
0 73 0.691146 0.487963 0.026042 0.090741
0 74 0.717969 0.484722 0.029687 0.089815
