0 1 0.185156 0.877315 0.067187 0.247222
0 2 0.248698 0.874074 0.060937 0.253704
0 3 0.267448 0.843519 0.050521 0.229630
0 4 0.963021 0.894907 0.050000 0.212037
0 5 0.370573 0.796296 0.052604 0.214815
0 6 0.416667 0.799537 0.051042 0.200926
0 7 0.794792 0.735648 0.048958 0.215741
0 8 0.809635 0.727315 0.045312 0.202778
0 9 0.802344 0.560185 0.027604 0.092593
0 10 0.734375 0.706481 0.043750 0.185185
0 11 0.803125 0.682870 0.042708 0.165741
0 12 0.670312 0.711574 0.041667 0.193519
0 13 0.602604 0.708796 0.039583 0.187963
0 14 0.778125 0.657407 0.039583 0.166667
0 15 0.423958 0.525463 0.023958 0.099074
0 16 0.451042 0.503241 0.026042 0.112037
0 17 0.426042 0.548148 0.025000 0.124074
0 18 0.452865 0.536574 0.030729 0.123148
0 19 0.476042 0.513889 0.026042 0.112963
0 20 0.509115 0.514352 0.026562 0.121296
0 21 0.480469 0.535185 0.030729 0.127778
0 22 0.442708 0.614352 0.044792 0.165741
0 23 0.479427 0.615278 0.031771 0.160185
0 24 0.505208 0.616667 0.031250 0.146296
0 25 0.529167 0.592593 0.033333 0.135185
0 26 0.561979 0.592130 0.032292 0.132407
0 27 0.554688 0.578704 0.028125 0.120370
0 28 0.511719 0.640278 0.035937 0.156481
0 29 0.540104 0.657407 0.027083 0.124074
0 30 0.557813 0.665278 0.037500 0.178704
0 31 0.559375 0.707870 0.040625 0.195370
0 32 0.589063 0.586111 0.030208 0.140741
0 33 0.611719 0.622685 0.033854 0.154630
0 34 0.602865 0.675000 0.041146 0.153704
0 38 0.912500 0.855093 0.051042 0.202778
0 73 0.666927 0.482407 0.027604 0.090741
0 74 0.689844 0.478704 0.032813 0.094444
