0 1 0.233594 0.825000 0.067187 0.242593
0 2 0.290104 0.834722 0.055208 0.249074
0 3 0.328125 0.797222 0.045833 0.211111
0 5 0.349479 0.852315 0.055208 0.234259
0 6 0.404948 0.857407 0.056771 0.220370
0 7 0.713021 0.702778 0.046875 0.194444
0 8 0.714323 0.695370 0.036979 0.188889
0 9 0.807552 0.557407 0.027604 0.092593
0 10 0.663542 0.686111 0.033333 0.181481
0 11 0.833854 0.712500 0.039583 0.184259
0 12 0.752865 0.744907 0.044271 0.200926
0 13 0.682813 0.744444 0.052083 0.196296
0 14 0.822656 0.693981 0.040104 0.180556
0 15 0.445312 0.541204 0.023958 0.106481
0 16 0.474219 0.529167 0.029687 0.123148
0 17 0.433854 0.568519 0.027083 0.125926
0 18 0.484115 0.557407 0.030729 0.124074
0 19 0.498437 0.533796 0.026042 0.113889
0 20 0.539583 0.535185 0.031250 0.125926
0 21 0.512500 0.558333 0.030208 0.129630
0 22 0.474479 0.647685 0.043750 0.176852
0 23 0.501823 0.643056 0.043229 0.167593
0 24 0.535937 0.640741 0.034375 0.151852
0 25 0.561198 0.623611 0.031771 0.143519
0 26 0.591146 0.620833 0.032292 0.150926
0 27 0.576042 0.604630 0.029167 0.125926
0 28 0.534635 0.678241 0.044271 0.167593
0 29 0.567969 0.699537 0.031771 0.128704
0 30 0.611979 0.704630 0.040625 0.192593
0 31 0.637500 0.749074 0.044792 0.205556
0 32 0.627344 0.611111 0.029687 0.142593
0 33 0.696354 0.661111 0.035417 0.168519
0 34 0.657031 0.710185 0.036979 0.168519
0 35 0.010156 0.962037 0.019271 0.075926
0 38 0.710156 0.849074 0.048438 0.203704
0 39 0.867969 0.828241 0.054688 0.212037
0 52 0.424479 0.500463 0.026042 0.104630
0 53 0.393750 0.488889 0.025000 0.116667
0 73 0.702604 0.479630 0.026042 0.090741
0 74 0.726823 0.477315 0.029687 0.089815
