0 1 0.197917 0.875926 0.067708 0.250000
0 2 0.254948 0.874074 0.059896 0.251852
0 3 0.276302 0.846296 0.050521 0.224074
0 4 0.981771 0.894907 0.035417 0.212037
0 5 0.371354 0.810185 0.053125 0.218519
0 6 0.416927 0.813426 0.051562 0.200926
0 7 0.786719 0.738889 0.047396 0.214815
0 8 0.800000 0.728241 0.042708 0.202778
0 9 0.803906 0.564815 0.027604 0.092593
0 10 0.725521 0.708796 0.043750 0.184259
0 11 0.810937 0.693519 0.042708 0.170370
0 12 0.680208 0.724074 0.041667 0.194444
0 13 0.610938 0.716667 0.039583 0.188889
0 14 0.785417 0.668981 0.039583 0.165741
0 15 0.429688 0.534722 0.023958 0.099074
0 16 0.456771 0.512500 0.026042 0.112037
0 17 0.428385 0.557407 0.025521 0.124074
0 18 0.455469 0.544444 0.029687 0.124074
0 19 0.479687 0.520370 0.026042 0.112963
0 20 0.515104 0.523148 0.029167 0.120370
0 21 0.483854 0.543981 0.030208 0.128704
0 22 0.448437 0.623148 0.040625 0.168519
0 23 0.480729 0.625463 0.031250 0.162037
0 24 0.508073 0.626852 0.031771 0.146296
0 25 0.533594 0.602778 0.032813 0.135185
0 26 0.565365 0.597222 0.034896 0.135185
0 27 0.557552 0.589352 0.027604 0.123148
0 28 0.516406 0.650463 0.039062 0.156481
0 29 0.543750 0.668981 0.027083 0.126852
0 30 0.563542 0.675463 0.037500 0.178704
0 31 0.570833 0.718519 0.039583 0.198148
0 32 0.592187 0.594444 0.030208 0.140741
0 33 0.621875 0.633796 0.033333 0.158333
0 34 0.607292 0.686111 0.039583 0.153704
0 38 0.888542 0.862963 0.056250 0.203704
0 73 0.671094 0.487963 0.027604 0.090741
0 74 0.696094 0.482870 0.031771 0.093519
