0 1 0.199479 0.875463 0.067708 0.250926
0 2 0.255990 0.873611 0.059896 0.250926
0 3 0.277865 0.846296 0.050521 0.224074
0 4 0.982552 0.894907 0.033854 0.212037
0 5 0.371615 0.812500 0.052604 0.219444
0 6 0.416667 0.815278 0.051042 0.200926
0 7 0.785417 0.739352 0.046875 0.215741
0 8 0.798438 0.728241 0.042708 0.202778
0 9 0.803906 0.565741 0.027604 0.092593
0 10 0.723698 0.708796 0.043229 0.184259
0 11 0.812500 0.695370 0.042708 0.172222
0 12 0.681771 0.725463 0.041667 0.195370
0 13 0.612500 0.718056 0.039583 0.189815
0 14 0.786458 0.670833 0.039583 0.165741
0 15 0.430729 0.535648 0.023958 0.099074
0 16 0.457292 0.513426 0.026042 0.112037
0 17 0.428906 0.559259 0.025521 0.124074
0 18 0.455990 0.546296 0.029687 0.124074
0 19 0.479948 0.521296 0.025521 0.112963
0 20 0.515885 0.525000 0.029687 0.120370
0 21 0.484375 0.544907 0.030208 0.128704
0 22 0.449479 0.624074 0.039583 0.168519
0 23 0.481250 0.626389 0.031250 0.162037
0 24 0.508594 0.627778 0.031771 0.146296
0 25 0.534375 0.603704 0.032292 0.135185
0 26 0.566146 0.598148 0.036458 0.135185
0 27 0.558073 0.591204 0.027604 0.123148
0 28 0.517188 0.652315 0.039583 0.156481
0 29 0.544271 0.670370 0.027083 0.127778
0 30 0.564323 0.676389 0.038021 0.178704
0 31 0.572917 0.721296 0.039583 0.198148
0 32 0.592708 0.596296 0.030208 0.140741
0 33 0.623958 0.635648 0.033333 0.160185
0 34 0.607812 0.687500 0.039583 0.154630
0 38 0.885156 0.864815 0.060937 0.203704
0 73 0.671875 0.487963 0.027083 0.090741
0 74 0.697396 0.483796 0.031250 0.093519
