0 1 0.213802 0.869444 0.069271 0.253704
0 2 0.269531 0.872222 0.058854 0.255556
0 3 0.296875 0.838889 0.051042 0.224074
0 5 0.369010 0.837963 0.055729 0.227778
0 6 0.410156 0.841667 0.053646 0.207407
0 7 0.754427 0.732870 0.051562 0.200926
0 8 0.763021 0.726852 0.042708 0.196296
0 9 0.806510 0.566667 0.027604 0.092593
0 10 0.697396 0.710185 0.041667 0.181481
0 11 0.827604 0.713889 0.041667 0.185185
0 12 0.714323 0.743056 0.046354 0.195370
0 13 0.639844 0.739815 0.041146 0.192593
0 14 0.801823 0.688426 0.040104 0.165741
0 15 0.441146 0.545833 0.023958 0.102778
0 16 0.467708 0.529167 0.027083 0.113889
0 17 0.431771 0.573148 0.026042 0.124074
0 18 0.466667 0.561574 0.032292 0.123148
0 19 0.487240 0.537037 0.025521 0.112963
0 20 0.527344 0.542130 0.029687 0.123148
0 21 0.496094 0.558796 0.029687 0.128704
0 22 0.463802 0.644444 0.042188 0.170370
0 23 0.485156 0.643981 0.031771 0.163889
0 24 0.520573 0.642593 0.032813 0.148148
0 25 0.545312 0.621296 0.031250 0.138889
0 26 0.578385 0.616204 0.034896 0.134259
0 27 0.566667 0.606019 0.027083 0.126852
0 28 0.524479 0.674074 0.041667 0.162963
0 29 0.552604 0.687963 0.027083 0.129630
0 30 0.578646 0.699537 0.037500 0.193519
0 31 0.605729 0.742593 0.040625 0.198148
0 32 0.598437 0.613889 0.030208 0.140741
0 33 0.646875 0.657870 0.034375 0.167593
0 34 0.624219 0.710185 0.036979 0.161111
0 38 0.816406 0.866667 0.053646 0.203704
0 39 0.958073 0.838426 0.067187 0.206481
0 73 0.683333 0.491667 0.026042 0.090741
0 74 0.712760 0.489352 0.029687 0.089815
