0 1 0.144792 0.875926 0.072917 0.248148
0 2 0.217969 0.876389 0.064062 0.249074
0 3 0.239583 0.846759 0.052083 0.239815
0 4 0.892188 0.886111 0.056250 0.229630
0 5 0.372396 0.740278 0.050000 0.206481
0 6 0.418750 0.741204 0.048958 0.191667
0 7 0.844010 0.734259 0.057813 0.222222
0 8 0.879687 0.721759 0.039583 0.204630
0 9 0.797396 0.523148 0.027083 0.092593
0 10 0.778385 0.688889 0.041146 0.192593
0 11 0.768490 0.635185 0.042188 0.164815
0 12 0.630469 0.658333 0.035937 0.181481
0 13 0.559635 0.657407 0.044271 0.179630
0 14 0.738542 0.617593 0.035417 0.164815
0 15 0.399740 0.487037 0.023438 0.098148
0 16 0.416146 0.471296 0.026042 0.109259
0 17 0.423698 0.511111 0.025521 0.124074
0 18 0.436719 0.499074 0.026562 0.124074
0 19 0.443229 0.475000 0.028125 0.112963
0 20 0.477083 0.478704 0.029167 0.124074
0 21 0.470573 0.494444 0.028646 0.116667
0 22 0.438281 0.568981 0.034896 0.158333
0 23 0.467969 0.571759 0.032813 0.150926
0 24 0.493229 0.572222 0.032292 0.140741
0 25 0.509375 0.552315 0.032292 0.134259
0 26 0.542708 0.544907 0.031250 0.125000
0 27 0.536979 0.535185 0.028125 0.118519
0 28 0.508333 0.596759 0.043750 0.150926
0 29 0.530208 0.609259 0.028125 0.109259
0 30 0.540365 0.615741 0.038021 0.175926
0 31 0.518750 0.656481 0.038542 0.188889
0 32 0.571615 0.547222 0.028646 0.138889
0 33 0.588281 0.588889 0.038021 0.170370
0 34 0.579948 0.630093 0.038021 0.150926
0 73 0.645833 0.459722 0.028125 0.089815
0 74 0.661198 0.457407 0.033854 0.098148
