0 1 0.241146 0.792130 0.062500 0.234259
0 2 0.296615 0.799074 0.054688 0.246296
0 3 0.346875 0.768981 0.044792 0.210185
0 5 0.336719 0.867130 0.057813 0.243519
0 6 0.397656 0.866204 0.058854 0.226852
0 7 0.677083 0.682407 0.044792 0.194444
0 8 0.678646 0.686111 0.036458 0.196296
0 9 0.804948 0.544444 0.027604 0.092593
0 10 0.648177 0.667593 0.033854 0.181481
0 11 0.840104 0.706019 0.039583 0.187963
0 12 0.759375 0.749074 0.043750 0.203704
0 13 0.693490 0.753241 0.041146 0.206481
0 14 0.832812 0.687037 0.040625 0.185185
0 15 0.446615 0.537963 0.023438 0.107407
0 16 0.475260 0.526389 0.030729 0.126852
0 17 0.433854 0.563889 0.027083 0.127778
0 18 0.490365 0.550926 0.030729 0.124074
0 19 0.500000 0.527778 0.026042 0.120370
0 20 0.543490 0.530556 0.031771 0.125926
0 21 0.518750 0.552778 0.030208 0.129630
0 22 0.482812 0.644907 0.043750 0.182407
0 23 0.505469 0.643056 0.036979 0.173148
0 24 0.540885 0.637963 0.033854 0.155556
0 25 0.568229 0.618519 0.032292 0.153704
0 26 0.595573 0.616667 0.035937 0.157407
0 27 0.593750 0.600463 0.029167 0.126852
0 28 0.547656 0.680556 0.044271 0.168519
0 29 0.576302 0.696759 0.031771 0.128704
0 30 0.643229 0.698148 0.040625 0.192593
0 31 0.650000 0.750463 0.045833 0.212037
0 32 0.658854 0.604167 0.029167 0.143519
0 33 0.722135 0.653704 0.036979 0.168519
0 34 0.686458 0.708333 0.039583 0.168519
0 35 0.013021 0.949537 0.025000 0.100926
0 36 0.047656 0.972685 0.042188 0.056481
0 38 0.641927 0.839352 0.059896 0.204630
0 39 0.804688 0.824074 0.064583 0.212963
0 52 0.445573 0.488426 0.027604 0.104630
0 53 0.405990 0.483796 0.029687 0.128704
0 73 0.712500 0.466667 0.026042 0.090741
0 74 0.733594 0.468056 0.029687 0.089815
