0 1 0.230469 0.837963 0.066146 0.244444
0 2 0.287500 0.843981 0.055208 0.252778
0 3 0.326562 0.808333 0.046875 0.214815
0 5 0.357292 0.850463 0.055208 0.234259
0 6 0.404948 0.856481 0.056771 0.218519
0 7 0.719010 0.710648 0.046354 0.197222
0 8 0.726823 0.705556 0.041146 0.194444
0 9 0.807552 0.559259 0.027604 0.092593
0 10 0.669271 0.691667 0.034375 0.181481
0 11 0.831771 0.714352 0.039583 0.182407
0 12 0.746354 0.745833 0.046875 0.199074
0 13 0.672396 0.743519 0.043750 0.196296
0 14 0.817969 0.695370 0.040104 0.177778
0 15 0.445312 0.543981 0.023958 0.106481
0 16 0.473698 0.530556 0.029687 0.120370
0 17 0.434896 0.571296 0.027083 0.124074
0 18 0.481771 0.561111 0.031250 0.124074
0 19 0.497396 0.535185 0.026042 0.112963
0 20 0.538281 0.538426 0.030729 0.125000
0 21 0.509896 0.558333 0.030208 0.129630
0 22 0.473438 0.649537 0.036458 0.173148
0 23 0.497656 0.644907 0.041146 0.165741
0 24 0.531771 0.641667 0.034375 0.151852
0 25 0.558073 0.625000 0.031771 0.138889
0 26 0.588021 0.621296 0.032292 0.151852
0 27 0.574479 0.606481 0.028125 0.125926
0 28 0.532292 0.679630 0.043750 0.166667
0 29 0.566406 0.697685 0.031771 0.128704
0 30 0.604167 0.706481 0.040625 0.192593
0 31 0.632812 0.750463 0.041667 0.204630
0 32 0.619792 0.613426 0.030208 0.141667
0 33 0.688802 0.663889 0.034896 0.168519
0 34 0.651302 0.714352 0.036979 0.165741
0 38 0.735417 0.862963 0.061458 0.203704
0 39 0.888021 0.833796 0.056250 0.210185
0 52 0.417708 0.503241 0.026042 0.104630
0 73 0.700000 0.483333 0.026042 0.090741
0 74 0.724219 0.480093 0.029687 0.089815
