0 1 0.202604 0.874074 0.067708 0.253704
0 2 0.258333 0.874074 0.059375 0.250000
0 3 0.280990 0.846296 0.050521 0.224074
0 4 0.984115 0.894907 0.030729 0.212037
0 5 0.371875 0.817130 0.053125 0.221296
0 6 0.416146 0.818519 0.051042 0.201852
0 7 0.783073 0.740741 0.046354 0.214815
0 8 0.795833 0.729630 0.042708 0.203704
0 9 0.804427 0.566667 0.027604 0.092593
0 10 0.720573 0.709259 0.043229 0.183333
0 11 0.815104 0.699074 0.042708 0.174074
0 12 0.685937 0.728704 0.041667 0.194444
0 13 0.615625 0.720833 0.039583 0.189815
0 14 0.788802 0.674537 0.040104 0.165741
0 15 0.432292 0.537500 0.023958 0.099074
0 16 0.458854 0.516204 0.026042 0.112037
0 17 0.430469 0.562037 0.025521 0.124074
0 18 0.457031 0.549074 0.029687 0.124074
0 19 0.480729 0.523148 0.026042 0.112963
0 20 0.517708 0.527778 0.030208 0.120370
0 21 0.485677 0.547685 0.029687 0.128704
0 22 0.451562 0.626852 0.037500 0.170370
0 23 0.481771 0.629167 0.031250 0.162037
0 24 0.510156 0.629630 0.031771 0.146296
0 25 0.535937 0.605556 0.032292 0.135185
0 26 0.567708 0.600000 0.037500 0.135185
0 27 0.558854 0.594907 0.027083 0.125000
0 28 0.518750 0.655093 0.040625 0.156481
0 29 0.545312 0.674537 0.027083 0.128704
0 30 0.566406 0.680093 0.038021 0.178704
0 31 0.576823 0.726852 0.040104 0.198148
0 32 0.593750 0.599074 0.030208 0.140741
0 33 0.627344 0.639815 0.032813 0.162963
0 34 0.609635 0.690741 0.039062 0.155556
0 38 0.878906 0.868519 0.069271 0.203704
0 73 0.672917 0.488889 0.027083 0.090741
0 74 0.699479 0.485185 0.031250 0.092593
