0 1 0.179167 0.874537 0.067708 0.250926
0 2 0.246094 0.874074 0.061979 0.253704
0 3 0.263021 0.842130 0.050000 0.232407
0 4 0.955990 0.892593 0.052604 0.214815
0 5 0.370573 0.789815 0.052604 0.214815
0 6 0.415625 0.791204 0.051042 0.200926
0 7 0.798958 0.734722 0.050000 0.215741
0 8 0.814844 0.727778 0.047396 0.203704
0 9 0.801823 0.557407 0.027604 0.092593
0 10 0.738021 0.703241 0.041667 0.186111
0 11 0.799219 0.677315 0.042188 0.165741
0 12 0.666146 0.703704 0.041667 0.190741
0 13 0.596615 0.701852 0.039062 0.187037
0 14 0.773438 0.653241 0.039583 0.169444
0 15 0.421354 0.520370 0.023958 0.098148
0 16 0.447917 0.498611 0.026042 0.112037
0 17 0.425000 0.543519 0.025000 0.124074
0 18 0.451562 0.532407 0.031250 0.124074
0 19 0.472135 0.508333 0.025521 0.112963
0 20 0.506250 0.509722 0.025000 0.121296
0 21 0.479427 0.529630 0.031771 0.125926
0 22 0.441406 0.607870 0.042188 0.165741
0 23 0.478906 0.609259 0.031771 0.159259
0 24 0.504167 0.612037 0.031250 0.146296
0 25 0.526563 0.584722 0.033333 0.134259
0 26 0.559375 0.585648 0.032292 0.130556
0 27 0.553646 0.574074 0.028125 0.118519
0 28 0.510156 0.635185 0.036979 0.155556
0 29 0.538542 0.651389 0.027083 0.121296
0 30 0.554688 0.659722 0.037500 0.178704
0 31 0.553646 0.703241 0.041667 0.193519
0 32 0.587500 0.581481 0.030208 0.140741
0 33 0.607031 0.618056 0.033854 0.154630
0 34 0.601042 0.669444 0.041667 0.153704
0 38 0.926562 0.853241 0.058333 0.200926
0 73 0.664583 0.478704 0.028125 0.090741
0 74 0.686719 0.476852 0.032813 0.096296
