0 1 0.191667 0.876852 0.067708 0.248148
0 2 0.251563 0.873611 0.060417 0.252778
0 3 0.271615 0.844907 0.050521 0.226852
0 4 0.975781 0.894907 0.041146 0.212037
0 5 0.370833 0.802778 0.053125 0.216667
0 6 0.417187 0.807870 0.051042 0.200926
0 7 0.790885 0.737500 0.048438 0.215741
0 8 0.804167 0.727315 0.043750 0.202778
0 9 0.803385 0.562037 0.027604 0.092593
0 10 0.729948 0.707407 0.044271 0.185185
0 11 0.807292 0.687963 0.042708 0.168519
0 12 0.674479 0.719907 0.041667 0.195370
0 13 0.606771 0.712500 0.039583 0.187963
0 14 0.781771 0.662500 0.039583 0.165741
0 15 0.427083 0.530093 0.023958 0.099074
0 16 0.454688 0.508796 0.026042 0.112037
0 17 0.426823 0.552778 0.025521 0.124074
0 18 0.454167 0.540741 0.030208 0.124074
0 19 0.478125 0.517593 0.026042 0.112963
0 20 0.511979 0.518981 0.028125 0.121296
0 21 0.482292 0.540278 0.030208 0.128704
0 22 0.445312 0.619444 0.043750 0.166667
0 23 0.480208 0.621759 0.031250 0.162037
0 24 0.506510 0.621296 0.031771 0.146296
0 25 0.531250 0.600000 0.033333 0.135185
0 26 0.562760 0.594907 0.031771 0.134259
0 27 0.555990 0.584259 0.027604 0.122222
0 28 0.514062 0.645833 0.037500 0.156481
0 29 0.542188 0.662963 0.027083 0.125926
0 30 0.560417 0.669907 0.037500 0.178704
0 31 0.565365 0.712500 0.040104 0.197222
0 32 0.590625 0.589815 0.030208 0.140741
0 33 0.616406 0.628241 0.033854 0.154630
0 34 0.604948 0.680556 0.040104 0.153704
0 38 0.898438 0.857407 0.043750 0.203704
0 73 0.669531 0.487037 0.027604 0.090741
0 74 0.693229 0.481019 0.032292 0.093519
