0 1 0.140104 0.876852 0.072917 0.248148
0 2 0.213021 0.877315 0.064583 0.247222
0 3 0.234896 0.850463 0.054167 0.239815
0 4 0.885938 0.885185 0.052083 0.231481
0 5 0.372656 0.737500 0.050521 0.204630
0 6 0.419531 0.735185 0.048438 0.190741
0 7 0.854688 0.735185 0.060417 0.224074
0 8 0.890104 0.721759 0.039583 0.204630
0 9 0.796354 0.518519 0.027083 0.092593
0 10 0.786979 0.689352 0.040625 0.195370
0 11 0.764323 0.629630 0.042188 0.164815
0 12 0.623958 0.653241 0.034375 0.178704
0 13 0.555729 0.651852 0.041667 0.175926
0 14 0.733073 0.612963 0.033854 0.164815
0 15 0.396615 0.482407 0.023438 0.098148
0 16 0.410938 0.468519 0.026042 0.109259
0 17 0.423698 0.507407 0.025521 0.124074
0 18 0.433854 0.493519 0.026042 0.124074
0 19 0.439063 0.471296 0.028125 0.112963
0 20 0.471354 0.476852 0.030208 0.125926
0 21 0.469531 0.490741 0.027604 0.114815
0 22 0.439844 0.563889 0.034896 0.157407
0 23 0.465365 0.565741 0.031771 0.150000
0 24 0.492448 0.567130 0.031771 0.139815
0 25 0.507292 0.545833 0.034375 0.134259
0 26 0.540365 0.540741 0.031771 0.125926
0 27 0.534635 0.531019 0.028646 0.119444
0 28 0.508854 0.592130 0.043750 0.150926
0 29 0.529167 0.602778 0.028125 0.107407
0 30 0.539323 0.610185 0.038021 0.175926
0 31 0.513542 0.650463 0.038542 0.187963
0 32 0.568490 0.543056 0.028646 0.137963
0 33 0.585938 0.585185 0.039583 0.170370
0 34 0.576823 0.625463 0.038021 0.150926
0 73 0.643229 0.457870 0.028125 0.089815
0 74 0.657031 0.456481 0.033854 0.100000
