0 1 0.218229 0.864815 0.065625 0.251852
0 2 0.274479 0.867130 0.059375 0.260185
0 3 0.301042 0.827778 0.051042 0.218519
0 5 0.368750 0.843056 0.055208 0.230556
0 6 0.409375 0.847685 0.054167 0.210185
0 7 0.746354 0.729167 0.050000 0.200926
0 8 0.756250 0.723148 0.042708 0.196296
0 9 0.806510 0.565741 0.027604 0.092593
0 10 0.691146 0.709259 0.041667 0.181481
0 11 0.829427 0.715741 0.041146 0.187037
0 12 0.721875 0.744907 0.048958 0.195370
0 13 0.648177 0.742593 0.043229 0.194444
0 14 0.804948 0.691204 0.040104 0.167593
0 15 0.442708 0.547222 0.023958 0.103704
0 16 0.469792 0.531019 0.028125 0.113889
0 17 0.431771 0.575000 0.026042 0.124074
0 18 0.470313 0.562500 0.032292 0.123148
0 19 0.489323 0.537037 0.025521 0.112963
0 20 0.530469 0.543056 0.029687 0.123148
0 21 0.499479 0.559259 0.030208 0.129630
0 22 0.465365 0.648148 0.047396 0.172222
0 23 0.487760 0.646759 0.031771 0.165741
0 24 0.522396 0.642593 0.033333 0.150000
0 25 0.547917 0.624537 0.031250 0.139815
0 26 0.582031 0.618981 0.035937 0.134259
0 27 0.568750 0.607870 0.027083 0.126852
0 28 0.525781 0.676852 0.042188 0.162963
0 29 0.556250 0.691667 0.027083 0.129630
0 30 0.583594 0.701389 0.038021 0.193519
0 31 0.611719 0.744907 0.040104 0.199074
0 32 0.600000 0.615741 0.030208 0.140741
0 33 0.656771 0.658333 0.034375 0.168519
0 34 0.629427 0.712963 0.036979 0.162963
0 38 0.799479 0.865741 0.046875 0.203704
0 39 0.947656 0.840741 0.065104 0.205556
0 52 0.400000 0.508333 0.025000 0.105556
0 73 0.686979 0.489815 0.026042 0.090741
0 74 0.714844 0.487500 0.029687 0.089815
