0 1 0.166146 0.874537 0.066667 0.252778
0 2 0.236979 0.872685 0.062500 0.256481
0 3 0.257552 0.839815 0.050521 0.237037
0 4 0.930469 0.887037 0.053646 0.225926
0 5 0.371615 0.770370 0.051562 0.212963
0 6 0.417187 0.773148 0.051042 0.196296
0 7 0.810677 0.733333 0.050521 0.216667
0 8 0.839063 0.723148 0.042708 0.203704
0 9 0.802865 0.545370 0.027604 0.092593
0 10 0.750781 0.694907 0.042188 0.186111
0 11 0.787240 0.660648 0.042188 0.165741
0 12 0.653646 0.681019 0.041667 0.184259
0 13 0.578646 0.682407 0.037500 0.181481
0 14 0.760417 0.631019 0.038542 0.167593
0 15 0.413021 0.507407 0.023958 0.098148
0 16 0.438021 0.483796 0.026042 0.112037
0 17 0.424479 0.531481 0.025000 0.124074
0 18 0.446875 0.520833 0.030208 0.123148
0 19 0.460938 0.493519 0.026042 0.112963
0 20 0.497656 0.494907 0.025521 0.121296
0 21 0.475781 0.511574 0.033854 0.121296
0 22 0.438021 0.587963 0.035417 0.164815
0 23 0.476302 0.594907 0.032813 0.156481
0 24 0.499740 0.597222 0.031771 0.144444
0 25 0.520833 0.572685 0.032292 0.134259
0 26 0.552344 0.567130 0.031771 0.126852
0 27 0.547396 0.558333 0.028125 0.118519
0 28 0.507292 0.618056 0.042708 0.152778
0 29 0.534635 0.635185 0.027604 0.116667
0 30 0.547656 0.643519 0.038021 0.177778
0 31 0.539062 0.682407 0.038542 0.192593
0 32 0.583333 0.566667 0.030208 0.140741
0 33 0.598698 0.605093 0.033854 0.163889
0 34 0.592969 0.651389 0.039062 0.152778
0 38 0.964323 0.836574 0.050521 0.199074
0 73 0.657292 0.467130 0.028125 0.089815
0 74 0.677604 0.469444 0.033333 0.096296
