0 1 0.219271 0.863426 0.064583 0.250926
0 2 0.275521 0.864815 0.059375 0.259259
0 3 0.302604 0.825463 0.051042 0.217593
0 5 0.368490 0.843981 0.054688 0.230556
0 6 0.408854 0.848148 0.054167 0.211111
0 7 0.744531 0.728241 0.049479 0.200926
0 8 0.754427 0.722222 0.042188 0.196296
0 9 0.806510 0.564815 0.027604 0.092593
0 10 0.689583 0.708796 0.041667 0.182407
0 11 0.829948 0.716204 0.041146 0.187963
0 12 0.723958 0.745833 0.050000 0.195370
0 13 0.650260 0.743519 0.043229 0.194444
0 14 0.805990 0.692130 0.040104 0.167593
0 15 0.442708 0.547222 0.023958 0.103704
0 16 0.470313 0.531944 0.028125 0.113889
0 17 0.432292 0.575000 0.026042 0.124074
0 18 0.471354 0.562963 0.032292 0.124074
0 19 0.489844 0.537037 0.025521 0.112963
0 20 0.531250 0.543056 0.029167 0.123148
0 21 0.500260 0.559259 0.029687 0.129630
0 22 0.465625 0.649074 0.048958 0.172222
0 23 0.488281 0.647685 0.031771 0.165741
0 24 0.522656 0.642593 0.033854 0.150000
0 25 0.548958 0.625463 0.031250 0.139815
0 26 0.582031 0.619444 0.035937 0.135185
0 27 0.569271 0.608796 0.027083 0.126852
0 28 0.526302 0.676852 0.042188 0.162963
0 29 0.556771 0.692593 0.027083 0.129630
0 30 0.584896 0.702315 0.037500 0.193519
0 31 0.613021 0.745370 0.040625 0.200000
0 32 0.601042 0.615741 0.030208 0.140741
0 33 0.658854 0.658796 0.034375 0.167593
0 34 0.630469 0.713889 0.036979 0.162963
0 38 0.796094 0.865741 0.050521 0.203704
0 39 0.944531 0.840278 0.063021 0.206481
0 52 0.401042 0.508333 0.025000 0.105556
0 73 0.687500 0.489815 0.026042 0.090741
0 74 0.715365 0.486574 0.029687 0.089815
