0 1 0.175521 0.873148 0.067708 0.253704
0 2 0.244271 0.873611 0.062500 0.254630
0 3 0.261198 0.841204 0.050521 0.234259
0 4 0.953385 0.890278 0.052604 0.217593
0 5 0.370833 0.785185 0.052083 0.214815
0 6 0.415104 0.785648 0.051042 0.200926
0 7 0.801823 0.733796 0.050521 0.215741
0 8 0.818490 0.728241 0.048438 0.204630
0 9 0.801823 0.555556 0.027604 0.092593
0 10 0.741146 0.701389 0.041667 0.186111
0 11 0.796615 0.673611 0.042188 0.165741
0 12 0.663021 0.698611 0.041667 0.189815
0 13 0.592448 0.697222 0.039062 0.185185
0 14 0.770312 0.650463 0.039583 0.171296
0 15 0.419271 0.517593 0.023958 0.098148
0 16 0.445312 0.494907 0.026042 0.112037
0 17 0.424479 0.540741 0.025000 0.124074
0 18 0.450781 0.530093 0.031771 0.123148
0 19 0.469531 0.504630 0.025521 0.112963
0 20 0.504427 0.506944 0.024479 0.121296
0 21 0.478646 0.525463 0.032292 0.125000
0 22 0.440625 0.603241 0.040625 0.165741
0 23 0.478646 0.605093 0.032292 0.158333
0 24 0.503125 0.608796 0.031250 0.145370
0 25 0.525000 0.582870 0.032292 0.134259
0 26 0.557813 0.581481 0.032292 0.129630
0 27 0.552083 0.570370 0.028125 0.118519
0 28 0.509635 0.631481 0.038021 0.155556
0 29 0.537500 0.648148 0.027083 0.120370
0 30 0.553125 0.656944 0.037500 0.178704
0 31 0.549740 0.699074 0.041146 0.192593
0 32 0.586458 0.577778 0.030208 0.140741
0 33 0.603906 0.615278 0.033854 0.154630
0 34 0.599740 0.666667 0.042188 0.153704
0 38 0.935677 0.849074 0.056771 0.201852
0 73 0.663021 0.475926 0.028125 0.090741
0 74 0.684896 0.475926 0.033333 0.096296
