0 1 0.201042 0.874537 0.067708 0.252778
0 2 0.257292 0.874074 0.059375 0.250000
0 3 0.279427 0.846296 0.050521 0.224074
0 4 0.983333 0.894907 0.032292 0.212037
0 5 0.371875 0.814815 0.053125 0.220370
0 6 0.416406 0.816667 0.051562 0.201852
0 7 0.784115 0.739815 0.046354 0.214815
0 8 0.797396 0.729167 0.042708 0.202778
0 9 0.804427 0.566667 0.027604 0.092593
0 10 0.722135 0.709259 0.043229 0.183333
0 11 0.814063 0.697222 0.042708 0.172222
0 12 0.683854 0.726852 0.041667 0.194444
0 13 0.614062 0.719444 0.039583 0.188889
0 14 0.787760 0.672685 0.040104 0.165741
0 15 0.431771 0.536574 0.023958 0.099074
0 16 0.458073 0.514352 0.025521 0.112037
0 17 0.429948 0.560185 0.025521 0.124074
0 18 0.456510 0.547222 0.029687 0.124074
0 19 0.480469 0.522222 0.025521 0.112963
0 20 0.517188 0.526852 0.030208 0.120370
0 21 0.485156 0.545833 0.029687 0.128704
0 22 0.450521 0.625463 0.038542 0.169444
0 23 0.481771 0.628241 0.031250 0.162037
0 24 0.509635 0.628704 0.031771 0.146296
0 25 0.535417 0.604630 0.032292 0.135185
0 26 0.567448 0.599074 0.038021 0.135185
0 27 0.558333 0.593056 0.027083 0.125000
0 28 0.517969 0.653241 0.040104 0.156481
0 29 0.544792 0.672685 0.027083 0.128704
0 30 0.565365 0.678241 0.038021 0.178704
0 31 0.575000 0.724074 0.039583 0.198148
0 32 0.593229 0.597222 0.030208 0.140741
0 33 0.625781 0.637963 0.032813 0.161111
0 34 0.608594 0.688889 0.039062 0.155556
0 38 0.882031 0.866667 0.065104 0.203704
0 73 0.672396 0.488889 0.027083 0.090741
0 74 0.698438 0.484259 0.031250 0.092593
