0 1 0.239063 0.795833 0.062500 0.234259
0 2 0.295833 0.804630 0.055208 0.246296
0 3 0.344792 0.774537 0.044792 0.210185
0 5 0.339844 0.863426 0.055729 0.241667
0 6 0.399740 0.864352 0.058854 0.225000
0 7 0.683854 0.686111 0.044792 0.194444
0 8 0.684896 0.688426 0.036458 0.195370
0 9 0.805469 0.546296 0.027604 0.092593
0 10 0.648958 0.670370 0.033333 0.181481
0 11 0.838542 0.706481 0.039583 0.187037
0 12 0.757812 0.748148 0.043750 0.203704
0 13 0.691927 0.751852 0.041146 0.205556
0 14 0.830990 0.687963 0.040104 0.185185
0 15 0.446615 0.537963 0.023438 0.107407
0 16 0.475260 0.526389 0.030729 0.126852
0 17 0.433854 0.564815 0.027083 0.127778
0 18 0.489583 0.550926 0.030208 0.124074
0 19 0.499479 0.529167 0.026042 0.119444
0 20 0.542969 0.531481 0.031771 0.125926
0 21 0.517708 0.553704 0.030208 0.129630
0 22 0.480208 0.643981 0.042708 0.182407
0 23 0.504948 0.643056 0.036979 0.173148
0 24 0.539323 0.636574 0.033854 0.152778
0 25 0.567708 0.617593 0.032292 0.153704
0 26 0.593750 0.616204 0.036458 0.156481
0 27 0.590625 0.600926 0.029167 0.125926
0 28 0.545573 0.679630 0.044271 0.168519
0 29 0.574479 0.696759 0.032292 0.128704
0 30 0.638542 0.698148 0.040625 0.192593
0 31 0.648438 0.749537 0.046875 0.210185
0 32 0.653646 0.605093 0.029167 0.143519
0 33 0.717708 0.655093 0.036458 0.167593
0 34 0.681771 0.709722 0.037500 0.171296
0 35 0.012500 0.951852 0.023958 0.096296
0 36 0.046354 0.975463 0.039583 0.050926
0 38 0.653646 0.839352 0.048958 0.204630
0 39 0.815365 0.823611 0.064062 0.213889
0 52 0.441667 0.490278 0.026042 0.104630
0 53 0.403385 0.483796 0.027604 0.128704
0 73 0.710938 0.469444 0.026042 0.090741
0 74 0.732552 0.469907 0.029687 0.089815
