0 1 0.208854 0.874074 0.068750 0.251852
0 2 0.264323 0.873611 0.058854 0.250926
0 3 0.291667 0.843519 0.051042 0.224074
0 5 0.372135 0.828241 0.059896 0.225000
0 6 0.411979 0.829630 0.052083 0.203704
0 7 0.767969 0.736574 0.049479 0.206481
0 8 0.779687 0.729167 0.042708 0.200926
0 9 0.805990 0.569444 0.027604 0.092593
0 10 0.708333 0.711111 0.041667 0.181481
0 11 0.824219 0.710648 0.042188 0.180556
0 12 0.701302 0.739352 0.042188 0.193519
0 13 0.626042 0.733333 0.038542 0.190741
0 14 0.796094 0.682870 0.040104 0.165741
0 15 0.439063 0.543981 0.023958 0.099074
0 16 0.464583 0.525463 0.026042 0.112037
0 17 0.431771 0.568519 0.026042 0.124074
0 18 0.461979 0.556019 0.031250 0.123148
0 19 0.484375 0.531481 0.026042 0.112963
0 20 0.522396 0.537963 0.029167 0.122222
0 21 0.490365 0.556944 0.029687 0.128704
0 22 0.458073 0.638889 0.035937 0.174074
0 23 0.482812 0.637500 0.032292 0.163889
0 24 0.516406 0.639815 0.031771 0.146296
0 25 0.541146 0.616204 0.031250 0.136111
0 26 0.572135 0.612037 0.032813 0.135185
0 27 0.563021 0.603241 0.027083 0.126852
0 28 0.522135 0.665741 0.042188 0.159259
0 29 0.549479 0.682407 0.027083 0.129630
0 30 0.573177 0.691667 0.038021 0.183333
0 31 0.592448 0.737963 0.040104 0.198148
0 32 0.596875 0.608333 0.030208 0.140741
0 33 0.638802 0.650926 0.032813 0.168519
0 34 0.616146 0.703241 0.037500 0.160185
0 38 0.842187 0.868519 0.060417 0.203704
0 39 0.977083 0.838426 0.041667 0.208333
0 73 0.678125 0.491667 0.026042 0.090741
0 74 0.707812 0.490278 0.030208 0.089815
