0 1 0.205208 0.874074 0.067708 0.253704
0 2 0.260937 0.874537 0.059375 0.249074
0 3 0.284115 0.845370 0.050521 0.224074
0 5 0.372135 0.820833 0.053646 0.221296
0 6 0.415625 0.821759 0.051042 0.200926
0 7 0.779167 0.739352 0.046875 0.212037
0 8 0.793229 0.730093 0.042708 0.204630
0 9 0.804948 0.568519 0.027604 0.092593
0 10 0.717708 0.710185 0.042708 0.183333
0 11 0.817708 0.702778 0.042708 0.175926
0 12 0.689583 0.731481 0.041667 0.194444
0 13 0.618229 0.723611 0.039583 0.189815
0 14 0.791406 0.679167 0.040104 0.165741
0 15 0.434375 0.539352 0.023958 0.099074
0 16 0.460417 0.518981 0.026042 0.112037
0 17 0.432031 0.564815 0.025521 0.124074
0 18 0.458073 0.550463 0.029687 0.123148
0 19 0.481771 0.525000 0.026042 0.112963
0 20 0.518750 0.530093 0.030208 0.121296
0 21 0.486979 0.549537 0.030208 0.128704
0 22 0.453646 0.629167 0.035417 0.171296
0 23 0.482812 0.631944 0.031250 0.162037
0 24 0.511719 0.632407 0.031771 0.146296
0 25 0.537500 0.607870 0.032292 0.134259
0 26 0.568750 0.603704 0.035417 0.135185
0 27 0.559896 0.598148 0.027083 0.125926
0 28 0.520573 0.658796 0.042188 0.156481
0 29 0.546354 0.676852 0.027083 0.129630
0 30 0.568229 0.682870 0.038542 0.178704
0 31 0.580990 0.732407 0.040104 0.198148
0 32 0.594792 0.601852 0.030208 0.140741
0 33 0.631250 0.643519 0.032292 0.166667
0 34 0.611198 0.693981 0.039062 0.156481
0 38 0.869531 0.868519 0.067187 0.203704
0 73 0.674219 0.489815 0.026562 0.090741
0 74 0.701562 0.486574 0.031250 0.091667
