0 1 0.159896 0.874074 0.066667 0.253704
0 2 0.231250 0.873611 0.062500 0.254630
0 3 0.253125 0.840278 0.050000 0.237963
0 4 0.915625 0.886574 0.055208 0.228704
0 5 0.372135 0.759722 0.050521 0.208333
0 6 0.418229 0.760648 0.050000 0.193519
0 7 0.816667 0.733796 0.050000 0.217593
0 8 0.853906 0.722685 0.041146 0.204630
0 9 0.801302 0.537963 0.027604 0.092593
0 10 0.757812 0.690278 0.041667 0.186111
0 11 0.780729 0.652315 0.041667 0.165741
0 12 0.646875 0.674074 0.039583 0.185185
0 13 0.573438 0.676852 0.041667 0.181481
0 14 0.754167 0.628241 0.038542 0.165741
0 15 0.408854 0.500000 0.023958 0.098148
0 16 0.431250 0.479630 0.026042 0.111111
0 17 0.424479 0.524074 0.025000 0.124074
0 18 0.444271 0.514352 0.029167 0.123148
0 19 0.455469 0.487037 0.027604 0.112963
0 20 0.492969 0.485648 0.026562 0.121296
0 21 0.473958 0.505556 0.033333 0.118519
0 22 0.436458 0.582407 0.035417 0.161111
0 23 0.474219 0.587963 0.032813 0.155556
0 24 0.497135 0.588889 0.031771 0.142593
0 25 0.519792 0.563426 0.034375 0.134259
0 26 0.549740 0.558796 0.031771 0.126852
0 27 0.544271 0.550000 0.028125 0.118519
0 28 0.506771 0.610648 0.043750 0.150926
0 29 0.533073 0.627315 0.027604 0.113889
0 30 0.544792 0.631481 0.038542 0.175926
0 31 0.533854 0.674074 0.038542 0.192593
0 32 0.580729 0.558333 0.030208 0.140741
0 33 0.595573 0.599074 0.033854 0.170370
0 34 0.588802 0.644907 0.039062 0.152778
0 73 0.653646 0.464352 0.028125 0.089815
0 74 0.672917 0.464815 0.033333 0.096296
