0 1 0.216146 0.868519 0.066667 0.253704
0 2 0.271875 0.870370 0.059375 0.259259
0 3 0.298958 0.832870 0.051042 0.221296
0 5 0.368750 0.840278 0.055208 0.228704
0 6 0.409896 0.844907 0.054167 0.208333
0 7 0.750521 0.731019 0.051042 0.200926
0 8 0.759635 0.725000 0.042188 0.196296
0 9 0.806510 0.566667 0.027604 0.092593
0 10 0.694271 0.709722 0.041667 0.182407
0 11 0.828385 0.714815 0.041146 0.185185
0 12 0.718229 0.743981 0.047917 0.195370
0 13 0.644010 0.741204 0.042188 0.193519
0 14 0.803906 0.690278 0.040104 0.165741
0 15 0.442188 0.546759 0.023958 0.102778
0 16 0.469010 0.530093 0.027604 0.113889
0 17 0.431771 0.575000 0.026042 0.124074
0 18 0.468750 0.562037 0.032292 0.124074
0 19 0.488281 0.537037 0.025521 0.112963
0 20 0.528906 0.543056 0.029687 0.123148
0 21 0.497917 0.559259 0.030208 0.129630
0 22 0.464583 0.646759 0.044792 0.171296
0 23 0.486198 0.645370 0.031771 0.164815
0 24 0.521354 0.642593 0.033333 0.148148
0 25 0.546875 0.623148 0.031250 0.138889
0 26 0.580208 0.617130 0.035417 0.134259
0 27 0.567708 0.606944 0.027083 0.126852
0 28 0.525000 0.675000 0.041667 0.162963
0 29 0.554167 0.689815 0.027083 0.129630
0 30 0.580990 0.700463 0.038021 0.193519
0 31 0.608854 0.743519 0.040625 0.198148
0 32 0.598437 0.615741 0.030208 0.140741
0 33 0.651563 0.657870 0.034375 0.167593
0 34 0.626823 0.711574 0.036979 0.162037
0 38 0.807552 0.865741 0.046354 0.203704
0 39 0.953125 0.840278 0.067708 0.206481
0 73 0.684896 0.490741 0.026042 0.090741
0 74 0.713802 0.488426 0.029687 0.089815
