0 1 0.235937 0.811574 0.063542 0.241667
0 2 0.293229 0.820370 0.055208 0.246296
0 3 0.335677 0.783333 0.044271 0.209259
0 5 0.344792 0.857407 0.055208 0.237037
0 6 0.403385 0.860185 0.057813 0.222222
0 7 0.699479 0.693981 0.045833 0.193519
0 8 0.699479 0.691204 0.036458 0.191667
0 9 0.806771 0.551852 0.028125 0.092593
0 10 0.655729 0.677778 0.033333 0.181481
0 11 0.836458 0.709722 0.039583 0.186111
0 12 0.756250 0.746296 0.043750 0.201852
0 13 0.691927 0.747685 0.054688 0.199074
0 14 0.827344 0.691204 0.040104 0.182407
0 15 0.445833 0.539352 0.023958 0.106481
0 16 0.475000 0.527315 0.030208 0.126852
0 17 0.433854 0.566204 0.027083 0.126852
0 18 0.487240 0.552778 0.029687 0.124074
0 19 0.498958 0.531481 0.026042 0.116667
0 20 0.541406 0.533333 0.031771 0.125926
0 21 0.515625 0.556481 0.030208 0.129630
0 22 0.476042 0.644907 0.053125 0.182407
0 23 0.503385 0.641667 0.039062 0.172222
0 24 0.537500 0.637963 0.034375 0.151852
0 25 0.566146 0.623148 0.032292 0.150000
0 26 0.591667 0.618056 0.031250 0.156481
0 27 0.582812 0.602778 0.029167 0.125926
0 28 0.540365 0.678704 0.044271 0.168519
0 29 0.570833 0.698611 0.032292 0.128704
0 30 0.625000 0.701852 0.040625 0.192593
0 31 0.644531 0.747685 0.048438 0.206481
0 32 0.639062 0.607870 0.029167 0.143519
0 33 0.707031 0.658333 0.035937 0.168519
0 34 0.669531 0.712037 0.036979 0.172222
0 35 0.010937 0.956944 0.020833 0.086111
0 36 0.043229 0.981944 0.033333 0.037963
0 38 0.685156 0.848148 0.063021 0.203704
0 39 0.843750 0.825926 0.065625 0.212963
0 52 0.433333 0.495833 0.026042 0.104630
0 53 0.398438 0.485648 0.026042 0.123148
0 73 0.706771 0.474074 0.026042 0.090741
0 74 0.730990 0.474537 0.029687 0.089815
