0 1 0.207031 0.875463 0.067187 0.250926
0 2 0.262500 0.874074 0.059375 0.250000
0 3 0.288542 0.844444 0.051042 0.224074
0 5 0.372135 0.824537 0.056771 0.223148
0 6 0.414844 0.826852 0.051562 0.201852
0 7 0.773438 0.737963 0.047917 0.209259
0 8 0.786979 0.730093 0.042708 0.202778
0 9 0.805990 0.571296 0.027604 0.092593
0 10 0.712760 0.711111 0.042188 0.181481
0 11 0.821875 0.707870 0.042708 0.178704
0 12 0.695312 0.735648 0.041667 0.193519
0 13 0.622135 0.728704 0.039062 0.190741
0 14 0.793490 0.681019 0.040104 0.165741
0 15 0.436979 0.542130 0.023958 0.099074
0 16 0.462760 0.522685 0.025521 0.112037
0 17 0.431771 0.566667 0.026042 0.124074
0 18 0.460156 0.553241 0.030729 0.123148
0 19 0.483073 0.528704 0.025521 0.112963
0 20 0.520573 0.534259 0.029687 0.122222
0 21 0.488802 0.553241 0.029687 0.128704
0 22 0.455469 0.634259 0.034896 0.174074
0 23 0.483854 0.636574 0.031250 0.162037
0 24 0.514323 0.636111 0.031771 0.146296
0 25 0.539323 0.612963 0.031771 0.135185
0 26 0.570052 0.609259 0.032813 0.135185
0 27 0.561458 0.602315 0.027083 0.126852
0 28 0.521094 0.662037 0.042188 0.157407
0 29 0.547917 0.679630 0.027083 0.129630
0 30 0.571354 0.688426 0.038542 0.178704
0 31 0.586719 0.736111 0.040104 0.198148
0 32 0.596875 0.606481 0.030208 0.140741
0 33 0.635417 0.648148 0.032292 0.168519
0 34 0.613802 0.698611 0.038021 0.158333
0 38 0.855990 0.868519 0.064062 0.203704
0 39 0.985417 0.838889 0.030208 0.209259
0 73 0.676302 0.490741 0.026562 0.090741
0 74 0.704688 0.488426 0.030208 0.091667
