0 1 0.235156 0.818519 0.066146 0.242593
0 2 0.291667 0.829167 0.055208 0.247222
0 3 0.330469 0.790741 0.045312 0.209259
0 5 0.346875 0.854630 0.055208 0.235185
0 6 0.404687 0.858796 0.056250 0.221296
0 7 0.708333 0.698611 0.046875 0.193519
0 8 0.707812 0.692593 0.036458 0.188889
0 9 0.807552 0.555556 0.027604 0.092593
0 10 0.660417 0.682407 0.033333 0.181481
0 11 0.834896 0.711111 0.039583 0.185185
0 12 0.755208 0.744907 0.043750 0.200926
0 13 0.689583 0.745370 0.058333 0.196296
0 14 0.825260 0.692593 0.040104 0.181481
0 15 0.445312 0.540278 0.023958 0.106481
0 16 0.474479 0.528241 0.030208 0.125000
0 17 0.433854 0.567593 0.027083 0.125926
0 18 0.485417 0.555556 0.030208 0.124074
0 19 0.498958 0.532407 0.026042 0.114815
0 20 0.540365 0.534259 0.031771 0.125926
0 21 0.514062 0.558333 0.030208 0.129630
0 22 0.475260 0.646296 0.047396 0.179630
0 23 0.502865 0.641204 0.042188 0.169444
0 24 0.536458 0.638889 0.034375 0.151852
0 25 0.563281 0.623148 0.031771 0.146296
0 26 0.591406 0.619444 0.031771 0.153704
0 27 0.578646 0.603704 0.029167 0.125926
0 28 0.537240 0.678241 0.044271 0.167593
0 29 0.569010 0.699537 0.031771 0.128704
0 30 0.616667 0.704630 0.040625 0.192593
0 31 0.640365 0.748148 0.046354 0.205556
0 32 0.631771 0.610185 0.029167 0.142593
0 33 0.701042 0.660185 0.035417 0.168519
0 34 0.662240 0.710648 0.036979 0.171296
0 35 0.010156 0.960185 0.019271 0.079630
0 38 0.695573 0.849074 0.063021 0.203704
0 39 0.856771 0.828241 0.064583 0.212037
0 52 0.428125 0.498611 0.026042 0.104630
0 53 0.395573 0.487500 0.025521 0.119444
0 73 0.704688 0.477778 0.026042 0.090741
0 74 0.728385 0.476389 0.029687 0.089815
