0 1 0.226823 0.848611 0.063021 0.249074
0 2 0.283333 0.854630 0.056250 0.255556
0 3 0.317188 0.819907 0.047917 0.217593
0 5 0.364844 0.850463 0.054688 0.234259
0 6 0.405729 0.853241 0.056250 0.215741
0 7 0.728385 0.720833 0.046354 0.200926
0 8 0.740365 0.714815 0.042188 0.196296
0 9 0.807031 0.562037 0.027604 0.092593
0 10 0.678125 0.701389 0.038542 0.182407
0 11 0.830990 0.715741 0.040104 0.185185
0 12 0.736979 0.746759 0.050000 0.197222
0 13 0.664844 0.747685 0.044271 0.195370
0 14 0.811719 0.697222 0.040104 0.174074
0 15 0.445312 0.548611 0.023958 0.106481
0 16 0.472656 0.532407 0.029687 0.116667
0 17 0.435417 0.574537 0.027083 0.123148
0 18 0.478646 0.565741 0.032292 0.124074
0 19 0.493750 0.536111 0.026042 0.112963
0 20 0.536458 0.543056 0.030208 0.123148
0 21 0.506250 0.559259 0.030208 0.129630
0 22 0.470052 0.650463 0.042188 0.173148
0 23 0.490885 0.647685 0.034896 0.165741
0 24 0.526563 0.642593 0.034375 0.151852
0 25 0.553906 0.625000 0.031771 0.138889
0 26 0.584635 0.620833 0.033854 0.145370
0 27 0.572135 0.608796 0.027604 0.126852
0 28 0.529687 0.683333 0.042708 0.162963
0 29 0.563021 0.696759 0.029167 0.128704
0 30 0.595052 0.706019 0.039062 0.193519
0 31 0.624219 0.749537 0.040104 0.202778
0 32 0.610938 0.614815 0.030208 0.140741
0 33 0.676562 0.662037 0.034375 0.168519
0 34 0.641406 0.716667 0.036979 0.164815
0 38 0.762760 0.862963 0.042188 0.203704
0 39 0.910417 0.838889 0.053125 0.211111
0 52 0.408854 0.507407 0.026042 0.103704
0 73 0.694271 0.487037 0.026042 0.090741
0 74 0.720052 0.482870 0.029687 0.089815
