0 1 0.172656 0.873148 0.067187 0.253704
0 2 0.242188 0.873148 0.062500 0.255556
0 3 0.260156 0.840741 0.050521 0.235185
0 4 0.950781 0.887963 0.052604 0.220370
0 5 0.370833 0.780556 0.052083 0.214815
0 6 0.415625 0.782407 0.051042 0.200000
0 7 0.804688 0.732870 0.051042 0.215741
0 8 0.822917 0.725463 0.044792 0.202778
0 9 0.802865 0.552778 0.027604 0.092593
0 10 0.743750 0.699537 0.041667 0.186111
0 11 0.794010 0.669907 0.042188 0.165741
0 12 0.660417 0.693981 0.041667 0.187963
0 13 0.588542 0.693056 0.038542 0.184259
0 14 0.767188 0.647685 0.039583 0.173148
0 15 0.417187 0.513889 0.023958 0.098148
0 16 0.443229 0.492130 0.026042 0.112037
0 17 0.424479 0.537963 0.025000 0.124074
0 18 0.449479 0.527315 0.031250 0.123148
0 19 0.466927 0.500926 0.025521 0.112963
0 20 0.502344 0.504167 0.024479 0.121296
0 21 0.477865 0.521296 0.032813 0.124074
0 22 0.439844 0.598611 0.039062 0.165741
0 23 0.478646 0.601852 0.032292 0.157407
0 24 0.502604 0.606019 0.031250 0.145370
0 25 0.523177 0.580093 0.031771 0.134259
0 26 0.555729 0.576852 0.032292 0.127778
0 27 0.550521 0.566667 0.028125 0.118519
0 28 0.508854 0.627315 0.039583 0.154630
0 29 0.536458 0.643981 0.027083 0.119444
0 30 0.551042 0.653241 0.037500 0.178704
0 31 0.545833 0.693519 0.039583 0.192593
0 32 0.585417 0.575000 0.030208 0.140741
0 33 0.602344 0.612037 0.033854 0.157407
0 34 0.597656 0.662037 0.041146 0.153704
0 38 0.944792 0.845370 0.055208 0.201852
0 73 0.661458 0.473148 0.028125 0.090741
0 74 0.682813 0.474074 0.033333 0.096296
