0 1 0.161979 0.874074 0.066667 0.253704
0 2 0.233333 0.873148 0.062500 0.255556
0 3 0.255469 0.839815 0.050521 0.237037
0 4 0.920052 0.886574 0.054688 0.228704
0 5 0.371875 0.764352 0.051042 0.210185
0 6 0.417708 0.765278 0.050000 0.195370
0 7 0.814323 0.733796 0.050521 0.217593
0 8 0.849740 0.722685 0.042188 0.204630
0 9 0.801823 0.540741 0.027604 0.092593
0 10 0.754948 0.692130 0.042188 0.186111
0 11 0.783333 0.655093 0.041667 0.165741
0 12 0.649479 0.676389 0.040625 0.184259
0 13 0.575260 0.678704 0.040104 0.181481
0 14 0.756771 0.628241 0.038542 0.165741
0 15 0.410417 0.502778 0.023958 0.098148
0 16 0.433854 0.481019 0.026042 0.112037
0 17 0.424479 0.526852 0.025000 0.124074
0 18 0.445052 0.516204 0.029687 0.123148
0 19 0.457813 0.489815 0.027083 0.112963
0 20 0.494792 0.489352 0.026042 0.121296
0 21 0.474740 0.507870 0.033854 0.119444
0 22 0.436979 0.584259 0.035417 0.162963
0 23 0.475260 0.590741 0.032813 0.155556
0 24 0.498177 0.592130 0.031771 0.143519
0 25 0.520052 0.567130 0.033854 0.134259
0 26 0.550781 0.562500 0.031771 0.126852
0 27 0.545312 0.553704 0.028125 0.118519
0 28 0.506771 0.612963 0.043750 0.151852
0 29 0.533594 0.630556 0.027604 0.114815
0 30 0.545833 0.636574 0.038542 0.176852
0 31 0.535937 0.677778 0.038542 0.192593
0 32 0.581771 0.561111 0.030208 0.140741
0 33 0.596615 0.601389 0.033854 0.167593
0 34 0.590365 0.647685 0.039062 0.152778
0 38 0.972396 0.831944 0.047917 0.195370
0 73 0.655208 0.465278 0.028125 0.089815
0 74 0.675000 0.466667 0.033333 0.096296
