0 1 0.209375 0.873611 0.069792 0.252778
0 2 0.264844 0.873611 0.058854 0.250926
0 3 0.292708 0.843519 0.051042 0.224074
0 5 0.372135 0.829630 0.060937 0.225926
0 6 0.410938 0.831019 0.052083 0.204630
0 7 0.766146 0.736111 0.050000 0.205556
0 8 0.777083 0.729167 0.042708 0.200926
0 9 0.805990 0.569444 0.027604 0.092593
0 10 0.706771 0.711111 0.041667 0.181481
0 11 0.824740 0.711111 0.042188 0.181481
0 12 0.703125 0.739815 0.042708 0.194444
0 13 0.627604 0.735185 0.038542 0.190741
0 14 0.797135 0.683796 0.040104 0.165741
0 15 0.439583 0.544444 0.023958 0.100000
0 16 0.465104 0.525926 0.026042 0.112963
0 17 0.431771 0.569444 0.026042 0.124074
0 18 0.462500 0.556944 0.031250 0.123148
0 19 0.484635 0.532407 0.025521 0.112963
0 20 0.522917 0.539352 0.029167 0.123148
0 21 0.491406 0.558796 0.029687 0.128704
0 22 0.459375 0.639815 0.036458 0.172222
0 23 0.482812 0.637963 0.032292 0.164815
0 24 0.517448 0.640741 0.031771 0.146296
0 25 0.541667 0.616667 0.031250 0.137037
0 26 0.573177 0.612500 0.032813 0.134259
0 27 0.563542 0.604167 0.027083 0.126852
0 28 0.522396 0.666667 0.041667 0.159259
0 29 0.549479 0.682407 0.027083 0.129630
0 30 0.574219 0.692593 0.038021 0.185185
0 31 0.594271 0.738889 0.040625 0.198148
0 32 0.597396 0.609259 0.030208 0.140741
0 33 0.640104 0.651852 0.033333 0.168519
0 34 0.617188 0.705093 0.037500 0.160185
0 38 0.838021 0.868519 0.059375 0.203704
0 39 0.974219 0.838426 0.045312 0.208333
0 73 0.678646 0.492593 0.026042 0.090741
0 74 0.708854 0.491204 0.030208 0.089815
