0 1 0.204687 0.873611 0.067708 0.254630
0 2 0.259375 0.874074 0.059375 0.250000
0 3 0.283073 0.846296 0.050521 0.224074
0 5 0.372396 0.819907 0.053125 0.221296
0 6 0.415885 0.819907 0.051562 0.200926
0 7 0.780990 0.739815 0.046354 0.212963
0 8 0.794792 0.729630 0.042708 0.203704
0 9 0.804948 0.567593 0.027604 0.092593
0 10 0.719010 0.709722 0.043229 0.182407
0 11 0.816667 0.700463 0.042708 0.175000
0 12 0.687500 0.729630 0.041667 0.194444
0 13 0.617188 0.722685 0.039583 0.189815
0 14 0.789844 0.676389 0.040104 0.165741
0 15 0.433333 0.538426 0.023958 0.099074
0 16 0.459635 0.517130 0.025521 0.112037
0 17 0.430990 0.562963 0.025521 0.124074
0 18 0.457552 0.549537 0.029687 0.123148
0 19 0.481250 0.524074 0.026042 0.112963
0 20 0.518229 0.529167 0.030208 0.121296
0 21 0.486458 0.548611 0.030208 0.128704
0 22 0.452604 0.627778 0.036458 0.170370
0 23 0.482292 0.631019 0.031250 0.162037
0 24 0.511198 0.631481 0.031771 0.146296
0 25 0.536458 0.606481 0.032292 0.135185
0 26 0.568229 0.601852 0.036458 0.135185
0 27 0.559375 0.596759 0.027083 0.125000
0 28 0.519531 0.656944 0.041146 0.156481
0 29 0.546354 0.676852 0.027083 0.129630
0 30 0.567448 0.681944 0.038021 0.178704
0 31 0.578906 0.729630 0.040104 0.198148
0 32 0.594271 0.600000 0.030208 0.140741
0 33 0.629427 0.641667 0.032813 0.164815
0 34 0.610417 0.692130 0.038542 0.156481
0 38 0.874219 0.868519 0.068229 0.203704
0 73 0.673698 0.488889 0.026562 0.090741
0 74 0.700521 0.485648 0.031250 0.091667
