0 1 0.212760 0.869444 0.070312 0.253704
0 2 0.268490 0.873148 0.058854 0.253704
0 3 0.296354 0.839815 0.051042 0.224074
0 5 0.369010 0.836574 0.055729 0.226852
0 6 0.410156 0.839815 0.053646 0.207407
0 7 0.756771 0.733796 0.052083 0.200926
0 8 0.765104 0.728241 0.042708 0.197222
0 9 0.806510 0.567593 0.027604 0.092593
0 10 0.698958 0.710185 0.041667 0.181481
0 11 0.827083 0.713426 0.041667 0.184259
0 12 0.712500 0.742593 0.045833 0.194444
0 13 0.637760 0.738889 0.041146 0.192593
0 14 0.801302 0.687500 0.040104 0.165741
0 15 0.441146 0.545370 0.023958 0.101852
0 16 0.467187 0.528704 0.027083 0.112963
0 17 0.431771 0.573148 0.026042 0.124074
0 18 0.466146 0.561574 0.032292 0.123148
0 19 0.487240 0.537963 0.025521 0.112963
0 20 0.526563 0.542130 0.029167 0.123148
0 21 0.495312 0.558796 0.030208 0.128704
0 22 0.463281 0.643981 0.041146 0.169444
0 23 0.484115 0.643056 0.031771 0.163889
0 24 0.520052 0.642593 0.032813 0.148148
0 25 0.544792 0.620833 0.031250 0.137963
0 26 0.577604 0.615278 0.034375 0.134259
0 27 0.566146 0.606019 0.027083 0.126852
0 28 0.523958 0.672685 0.041667 0.162037
0 29 0.552083 0.687037 0.027083 0.129630
0 30 0.577604 0.698148 0.037500 0.192593
0 31 0.603646 0.741667 0.040625 0.198148
0 32 0.597917 0.612963 0.030208 0.140741
0 33 0.645573 0.656481 0.033854 0.168519
0 34 0.622656 0.709722 0.036979 0.162037
0 38 0.820833 0.867593 0.057292 0.203704
0 39 0.960417 0.837963 0.063542 0.207407
0 73 0.682292 0.491667 0.026042 0.090741
0 74 0.712240 0.489352 0.029687 0.089815
