0 1 0.214844 0.868519 0.068229 0.253704
0 2 0.270833 0.871296 0.059375 0.257407
0 3 0.297917 0.835648 0.051042 0.223148
0 5 0.369010 0.839352 0.055729 0.228704
0 6 0.409896 0.843056 0.054167 0.208333
0 7 0.752604 0.731944 0.051042 0.200926
0 8 0.761458 0.725926 0.042708 0.196296
0 9 0.806510 0.566667 0.027604 0.092593
0 10 0.695833 0.709722 0.041667 0.182407
0 11 0.828125 0.714815 0.041667 0.185185
0 12 0.716406 0.743519 0.047396 0.194444
0 13 0.641927 0.740278 0.041146 0.193519
0 14 0.802865 0.689352 0.040104 0.165741
0 15 0.441667 0.545833 0.023958 0.102778
0 16 0.468490 0.529630 0.027604 0.112963
0 17 0.431771 0.574074 0.026042 0.124074
0 18 0.467708 0.561574 0.032292 0.123148
0 19 0.487760 0.537037 0.025521 0.112963
0 20 0.528125 0.543056 0.029167 0.123148
0 21 0.496875 0.558796 0.030208 0.128704
0 22 0.464062 0.645833 0.043750 0.171296
0 23 0.485677 0.644444 0.031771 0.164815
0 24 0.521094 0.642593 0.032813 0.148148
0 25 0.546354 0.622222 0.031250 0.138889
0 26 0.579167 0.616667 0.035417 0.135185
0 27 0.567187 0.606944 0.027083 0.126852
0 28 0.524479 0.674074 0.041667 0.162963
0 29 0.553125 0.688889 0.027083 0.129630
0 30 0.579688 0.699537 0.037500 0.193519
0 31 0.607812 0.743519 0.040625 0.198148
0 32 0.598437 0.614815 0.030208 0.140741
0 33 0.648958 0.657870 0.034375 0.167593
0 34 0.625260 0.710648 0.036979 0.162037
0 38 0.811979 0.866667 0.050000 0.203704
0 39 0.955469 0.839352 0.067187 0.206481
0 73 0.684375 0.490741 0.026042 0.090741
0 74 0.713281 0.488426 0.029687 0.089815
