0 1 0.141146 0.875926 0.072917 0.248148
0 2 0.214062 0.876852 0.064583 0.248148
0 3 0.235677 0.849537 0.053646 0.239815
0 4 0.887500 0.885185 0.053125 0.231481
0 5 0.372396 0.737963 0.050000 0.205556
0 6 0.419010 0.736111 0.048438 0.190741
0 7 0.851823 0.734722 0.059896 0.223148
0 8 0.887500 0.721759 0.039583 0.204630
0 9 0.796354 0.519444 0.027083 0.092593
0 10 0.784635 0.688889 0.041146 0.194444
0 11 0.765365 0.630556 0.042188 0.164815
0 12 0.625260 0.654167 0.034896 0.178704
0 13 0.556510 0.653241 0.042188 0.176852
0 14 0.734375 0.613889 0.034375 0.164815
0 15 0.397135 0.483333 0.023438 0.098148
0 16 0.411979 0.468519 0.026042 0.109259
0 17 0.423698 0.508333 0.025521 0.124074
0 18 0.434375 0.494444 0.026042 0.124074
0 19 0.440104 0.472222 0.028125 0.112963
0 20 0.472656 0.476852 0.029687 0.125926
0 21 0.469531 0.491204 0.027604 0.115741
0 22 0.439323 0.564815 0.034896 0.157407
0 23 0.465885 0.566667 0.031771 0.150000
0 24 0.492448 0.568056 0.031771 0.139815
0 25 0.507552 0.546759 0.033854 0.134259
0 26 0.540885 0.541667 0.031771 0.125926
0 27 0.535156 0.531944 0.028646 0.119444
0 28 0.508333 0.593056 0.043750 0.150926
0 29 0.529167 0.604167 0.028125 0.108333
0 30 0.539323 0.611111 0.038021 0.175926
0 31 0.514583 0.651389 0.038542 0.187963
0 32 0.569010 0.543981 0.028646 0.137963
0 33 0.586198 0.586111 0.039062 0.170370
0 34 0.577344 0.626389 0.038021 0.150926
0 73 0.643750 0.457870 0.028125 0.089815
0 74 0.658073 0.456481 0.033854 0.100000
