0 1 0.155469 0.875926 0.071354 0.250000
0 2 0.226823 0.874537 0.063021 0.252778
0 3 0.248438 0.841204 0.048958 0.239815
0 4 0.906510 0.886574 0.056771 0.228704
0 5 0.372396 0.750926 0.050000 0.207407
0 6 0.418490 0.753704 0.049479 0.192593
0 7 0.825781 0.733796 0.052604 0.219444
0 8 0.862760 0.722685 0.040104 0.204630
0 9 0.800000 0.533333 0.027083 0.092593
0 10 0.764062 0.687500 0.041667 0.187963
0 11 0.776042 0.645833 0.041667 0.165741
0 12 0.641406 0.668519 0.038021 0.185185
0 13 0.569010 0.672222 0.045312 0.181481
0 14 0.748698 0.626389 0.038021 0.165741
0 15 0.405208 0.494444 0.023958 0.098148
0 16 0.425521 0.476389 0.026042 0.110185
0 17 0.423958 0.518519 0.025000 0.124074
0 18 0.441927 0.508796 0.028646 0.123148
0 19 0.451042 0.482407 0.028125 0.112963
0 20 0.487500 0.481944 0.028125 0.121296
0 21 0.472656 0.501389 0.031771 0.117593
0 22 0.435937 0.577778 0.035417 0.159259
0 23 0.472396 0.582407 0.033333 0.153704
0 24 0.495312 0.582407 0.032292 0.140741
0 25 0.515625 0.559722 0.033333 0.134259
0 26 0.547396 0.553241 0.031250 0.125000
0 27 0.541667 0.543519 0.028125 0.118519
0 28 0.507292 0.605556 0.043750 0.151852
0 29 0.532031 0.620370 0.027604 0.112963
0 30 0.542969 0.625000 0.038021 0.175926
0 31 0.528646 0.667593 0.038542 0.192593
0 32 0.577344 0.554167 0.029687 0.139815
0 33 0.592708 0.595370 0.035417 0.170370
0 34 0.585417 0.639815 0.038542 0.151852
0 73 0.651042 0.462500 0.028125 0.089815
0 74 0.668750 0.461111 0.033333 0.096296
