0 1 0.269792 0.709722 0.054167 0.208333
0 2 0.334896 0.715278 0.050000 0.217593
0 3 0.393750 0.699074 0.039583 0.187037
0 5 0.258073 0.912963 0.071354 0.174074
0 6 0.330469 0.918981 0.056771 0.160185
0 7 0.565625 0.640741 0.041667 0.188889
0 8 0.576562 0.640741 0.033333 0.185185
0 9 0.790365 0.526852 0.025521 0.092593
0 10 0.620573 0.651852 0.038021 0.181481
0 12 0.735938 0.809259 0.043750 0.229630
0 13 0.687240 0.813889 0.049479 0.235185
0 14 0.949479 0.709259 0.061458 0.192593
0 15 0.453385 0.554630 0.023438 0.112963
0 16 0.477865 0.537500 0.030729 0.141667
0 17 0.434375 0.580093 0.030208 0.137963
0 18 0.515365 0.566204 0.033854 0.137963
0 19 0.504167 0.543056 0.026042 0.128704
0 20 0.530990 0.546296 0.031771 0.140741
0 21 0.540625 0.561111 0.030208 0.129630
0 22 0.579167 0.690278 0.052083 0.204630
0 23 0.601302 0.681944 0.043229 0.189815
0 24 0.623177 0.678704 0.035937 0.174074
0 25 0.539583 0.652778 0.035417 0.174074
0 26 0.702604 0.629630 0.036458 0.157407
0 27 0.712240 0.630556 0.030729 0.151852
0 28 0.696354 0.709259 0.043750 0.177778
0 29 0.714063 0.721296 0.033333 0.135185
0 30 0.809375 0.713426 0.058333 0.199074
0 31 0.635417 0.815741 0.046875 0.246296
0 32 0.760938 0.636111 0.039583 0.170370
0 33 0.818490 0.681481 0.044271 0.187037
0 34 0.873958 0.721296 0.051042 0.179630
0 35 0.036198 0.910648 0.056771 0.178704
0 36 0.077083 0.925000 0.054167 0.150000
0 37 0.023177 0.982870 0.029687 0.036111
0 38 0.344792 0.819907 0.051042 0.204630
0 39 0.515885 0.822222 0.055729 0.224074
0 40 0.813281 0.775463 0.042188 0.210185
0 42 0.897917 0.760185 0.058333 0.212963
0 43 0.897135 0.757870 0.046354 0.197222
0 44 0.932031 0.749074 0.036979 0.185185
0 52 0.491927 0.498611 0.054688 0.108333
0 53 0.467187 0.488426 0.032292 0.123148
0 54 0.396094 0.484259 0.027604 0.124074
0 56 0.405469 0.483333 0.025521 0.090741
0 57 0.390365 0.475000 0.025521 0.103704
0 71 0.393750 0.478241 0.025000 0.112037
0 73 0.734896 0.445370 0.020833 0.077778
0 74 0.748958 0.447685 0.028125 0.089815
