0 1 0.273438 0.706481 0.054167 0.207407
0 2 0.338021 0.709722 0.050000 0.217593
0 3 0.399479 0.696296 0.038542 0.187037
0 5 0.249219 0.917593 0.071354 0.166667
0 6 0.326823 0.922685 0.053646 0.152778
0 7 0.558333 0.638426 0.041667 0.187963
0 8 0.572917 0.638889 0.033333 0.188889
0 9 0.790885 0.525463 0.025521 0.093519
0 10 0.622135 0.651852 0.038021 0.181481
0 12 0.737500 0.822685 0.045833 0.236111
0 13 0.685417 0.821296 0.055208 0.235185
0 14 0.966667 0.711111 0.060417 0.192593
0 15 0.454427 0.557407 0.023438 0.112963
0 16 0.479948 0.539815 0.030729 0.144444
0 17 0.435677 0.583796 0.029687 0.137963
0 18 0.520052 0.569444 0.031771 0.140741
0 19 0.504167 0.547685 0.026042 0.132407
0 20 0.532031 0.547222 0.030729 0.140741
0 21 0.544531 0.563889 0.030729 0.129630
0 22 0.594792 0.691204 0.043750 0.202778
0 23 0.616667 0.685185 0.044792 0.190741
0 24 0.639583 0.679630 0.036458 0.174074
0 25 0.547656 0.658333 0.038021 0.174074
0 26 0.712500 0.631481 0.036458 0.157407
0 27 0.725521 0.634259 0.030208 0.151852
0 28 0.714063 0.710648 0.043750 0.178704
0 29 0.732812 0.722222 0.033333 0.137037
0 30 0.826562 0.714352 0.060417 0.199074
0 31 0.631771 0.823148 0.047917 0.250000
0 32 0.767448 0.637963 0.040104 0.170370
0 33 0.828385 0.684259 0.046354 0.187037
0 34 0.894010 0.724537 0.059896 0.176852
0 35 0.042708 0.907407 0.057292 0.185185
0 36 0.084115 0.921296 0.054688 0.157407
0 37 0.030208 0.978704 0.039583 0.044444
0 38 0.323437 0.819444 0.051042 0.203704
0 39 0.493229 0.829167 0.066667 0.221296
0 40 0.796615 0.774074 0.063021 0.209259
0 42 0.882292 0.760185 0.053125 0.212963
0 43 0.879687 0.756019 0.046875 0.195370
0 44 0.909375 0.744907 0.037500 0.182407
0 52 0.497917 0.505093 0.040625 0.106481
0 53 0.471354 0.490278 0.032292 0.123148
0 54 0.400781 0.486111 0.029687 0.124074
0 56 0.410417 0.484259 0.026042 0.090741
0 57 0.395833 0.476389 0.025000 0.102778
0 71 0.399479 0.481019 0.025000 0.112037
0 73 0.740625 0.443519 0.018750 0.074074
0 74 0.750000 0.449537 0.028125 0.089815
