0 1 0.276042 0.704630 0.054167 0.207407
0 2 0.339323 0.706019 0.050521 0.217593
0 3 0.401302 0.695370 0.036979 0.188889
0 5 0.243229 0.920370 0.071875 0.161111
0 6 0.323437 0.925926 0.054167 0.146296
0 7 0.554167 0.635648 0.041667 0.186111
0 8 0.570312 0.637963 0.033333 0.190741
0 9 0.791146 0.525000 0.026042 0.092593
0 10 0.623177 0.651852 0.038021 0.181481
0 12 0.737500 0.829167 0.045833 0.239815
0 13 0.684635 0.825926 0.057813 0.235185
0 14 0.970313 0.712037 0.058333 0.192593
0 15 0.454948 0.558333 0.023438 0.112963
0 16 0.481250 0.541204 0.031250 0.145370
0 17 0.438802 0.585648 0.029687 0.137963
0 18 0.522917 0.571296 0.030208 0.142593
0 19 0.504687 0.550926 0.026042 0.135185
0 20 0.532292 0.547222 0.030208 0.140741
0 21 0.548177 0.564815 0.031771 0.129630
0 22 0.601823 0.694444 0.050521 0.201852
0 23 0.627083 0.687037 0.044792 0.190741
0 24 0.650781 0.681481 0.036979 0.174074
0 25 0.554427 0.660648 0.039062 0.175000
0 26 0.719271 0.633333 0.036458 0.157407
0 27 0.734375 0.636111 0.030208 0.151852
0 28 0.726823 0.711574 0.045312 0.180556
0 29 0.745313 0.724074 0.033333 0.138889
0 30 0.838802 0.714352 0.060937 0.199074
0 31 0.629167 0.827778 0.048958 0.251852
0 32 0.771875 0.638889 0.040625 0.170370
0 33 0.835156 0.685648 0.046354 0.187963
0 34 0.905990 0.725000 0.051562 0.179630
0 35 0.046875 0.904630 0.057292 0.190741
0 36 0.090365 0.918981 0.054688 0.162037
0 37 0.034896 0.975463 0.045833 0.050926
0 38 0.310937 0.820370 0.054167 0.203704
0 39 0.479687 0.828704 0.063542 0.220370
0 40 0.784115 0.768981 0.042188 0.210185
0 41 0.973698 0.759259 0.040104 0.205556
0 42 0.867448 0.754630 0.040104 0.212963
0 43 0.868490 0.752778 0.045312 0.196296
0 44 0.899740 0.745370 0.038021 0.181481
0 52 0.501563 0.504167 0.036458 0.106481
0 53 0.474479 0.492130 0.032292 0.123148
0 54 0.403906 0.488426 0.032813 0.123148
0 56 0.414062 0.485185 0.026042 0.090741
0 57 0.399479 0.477778 0.025000 0.101852
0 71 0.403646 0.481944 0.025000 0.112037
0 73 0.741146 0.441667 0.018750 0.074074
0 74 0.750521 0.446759 0.028125 0.089815
