0 1 0.241667 0.784722 0.063542 0.234259
0 2 0.297135 0.788889 0.054688 0.237037
0 3 0.347396 0.761111 0.043750 0.207407
0 5 0.331510 0.872685 0.059896 0.247222
0 6 0.394271 0.869907 0.058333 0.228704
0 7 0.666406 0.677315 0.044271 0.195370
0 8 0.670833 0.681019 0.036458 0.195370
0 9 0.804167 0.539815 0.028125 0.092593
0 10 0.646354 0.663889 0.034375 0.181481
0 11 0.842187 0.704630 0.043750 0.187037
0 12 0.762500 0.750000 0.044792 0.205556
0 13 0.697656 0.755093 0.044271 0.206481
0 14 0.833073 0.688889 0.041146 0.185185
0 15 0.446615 0.538426 0.023438 0.108333
0 16 0.475260 0.526389 0.030729 0.126852
0 17 0.433333 0.563426 0.027083 0.128704
0 18 0.491927 0.550000 0.030729 0.124074
0 19 0.500000 0.527315 0.026042 0.121296
0 20 0.544531 0.530556 0.031771 0.125926
0 21 0.519792 0.550926 0.030208 0.129630
0 22 0.487500 0.645833 0.044792 0.182407
0 23 0.507031 0.644907 0.035937 0.173148
0 24 0.543490 0.640741 0.033854 0.159259
0 25 0.568229 0.618981 0.032292 0.154630
0 26 0.598698 0.617593 0.034896 0.157407
0 27 0.598698 0.602315 0.029687 0.132407
0 28 0.551302 0.681481 0.044271 0.168519
0 29 0.580469 0.697685 0.029687 0.128704
0 30 0.650521 0.697685 0.040625 0.193519
0 31 0.653125 0.752315 0.044792 0.215741
0 32 0.666667 0.605093 0.029167 0.143519
0 33 0.729948 0.651389 0.036979 0.167593
0 34 0.695312 0.708333 0.043750 0.162963
0 35 0.014323 0.946296 0.027604 0.109259
0 36 0.049740 0.968056 0.046354 0.065741
0 38 0.621094 0.837037 0.052604 0.203704
0 39 0.786719 0.818056 0.052604 0.212037
0 52 0.453125 0.486574 0.037500 0.104630
0 53 0.410677 0.483796 0.032813 0.128704
0 73 0.714583 0.463889 0.026042 0.090741
0 74 0.734896 0.464352 0.030208 0.089815
