0 1 0.246615 0.746759 0.058854 0.221296
0 2 0.313021 0.756019 0.050000 0.232407
0 3 0.365885 0.730093 0.040104 0.202778
0 5 0.304948 0.890278 0.061979 0.221296
0 6 0.366146 0.894907 0.061458 0.210185
0 7 0.611458 0.657870 0.043750 0.193519
0 8 0.624479 0.654630 0.040625 0.183333
0 9 0.792448 0.529630 0.025521 0.092593
0 10 0.631250 0.653241 0.034375 0.182407
0 11 0.879948 0.712963 0.055729 0.187037
0 12 0.748698 0.770833 0.043229 0.221296
0 13 0.702604 0.776389 0.047917 0.217593
0 14 0.865104 0.697685 0.047917 0.191667
0 15 0.449740 0.539352 0.023438 0.110185
0 16 0.474740 0.529630 0.031771 0.135185
0 17 0.429427 0.566204 0.028646 0.132407
0 18 0.497917 0.554167 0.031250 0.134259
0 19 0.500000 0.532870 0.026042 0.121296
0 20 0.542448 0.531944 0.031771 0.132407
0 21 0.529687 0.552778 0.030208 0.129630
0 22 0.521354 0.660648 0.047917 0.189815
0 23 0.532292 0.662500 0.036458 0.182407
0 24 0.563802 0.657407 0.035937 0.172222
0 25 0.550000 0.628704 0.031250 0.161111
0 26 0.635156 0.624074 0.035937 0.157407
0 27 0.643229 0.617593 0.031250 0.151852
0 28 0.596875 0.693519 0.045833 0.174074
0 29 0.629948 0.704630 0.035937 0.135185
0 30 0.714583 0.706481 0.048958 0.201852
0 31 0.653125 0.773148 0.046875 0.224074
0 32 0.714323 0.609722 0.029687 0.143519
0 33 0.770573 0.653241 0.043229 0.169444
0 34 0.773177 0.713889 0.050521 0.174074
0 35 0.022917 0.932870 0.044792 0.136111
0 36 0.048438 0.950926 0.059375 0.100000
0 38 0.486719 0.825926 0.063021 0.203704
0 39 0.663281 0.818981 0.063021 0.217593
0 40 0.945052 0.801389 0.059896 0.210185
0 52 0.470313 0.489352 0.032292 0.104630
0 53 0.440625 0.481019 0.032292 0.123148
0 73 0.722917 0.451389 0.025000 0.087963
0 74 0.744271 0.447685 0.030208 0.089815
