0 1 0.250781 0.736574 0.054688 0.206481
0 2 0.317969 0.737963 0.050521 0.225926
0 3 0.375000 0.718056 0.039583 0.193519
0 5 0.290365 0.897222 0.064062 0.205556
0 6 0.354167 0.902315 0.063542 0.193519
0 7 0.595313 0.651852 0.041667 0.192593
0 8 0.604427 0.647685 0.035937 0.176852
0 9 0.790365 0.529630 0.025521 0.092593
0 10 0.623698 0.653241 0.029687 0.182407
0 11 0.914062 0.715741 0.053125 0.192593
0 12 0.743229 0.781481 0.041667 0.224074
0 13 0.699479 0.787500 0.047917 0.223148
0 14 0.886198 0.701389 0.048438 0.195370
0 15 0.450781 0.541667 0.023438 0.111111
0 16 0.472917 0.532407 0.030208 0.138889
0 17 0.429688 0.569907 0.030208 0.134259
0 18 0.503646 0.561111 0.033333 0.135185
0 19 0.502083 0.532870 0.026042 0.121296
0 20 0.535677 0.536111 0.031771 0.133333
0 21 0.533333 0.555556 0.030208 0.129630
0 22 0.539844 0.668056 0.041146 0.197222
0 23 0.551562 0.668519 0.053125 0.187037
0 24 0.575000 0.663889 0.037500 0.174074
0 25 0.540885 0.633796 0.031771 0.162037
0 26 0.661458 0.622222 0.036458 0.157407
0 27 0.655990 0.617593 0.031771 0.151852
0 28 0.626302 0.697685 0.046354 0.173148
0 29 0.653385 0.708796 0.033854 0.134259
0 30 0.748177 0.706944 0.054688 0.199074
0 31 0.647135 0.786111 0.046354 0.229630
0 32 0.732552 0.615278 0.032813 0.150926
0 33 0.785156 0.659722 0.043229 0.176852
0 34 0.797135 0.716667 0.044271 0.175926
0 35 0.026042 0.924074 0.051042 0.153704
0 36 0.057292 0.942130 0.055208 0.117593
0 38 0.434375 0.826852 0.055208 0.203704
0 39 0.610938 0.818056 0.056250 0.219444
0 40 0.899219 0.789352 0.052604 0.210185
0 52 0.474479 0.487963 0.028125 0.103704
0 53 0.448437 0.481944 0.032292 0.123148
0 54 0.378385 0.475000 0.030729 0.122222
0 73 0.725000 0.450000 0.023958 0.085185
0 74 0.746875 0.443056 0.029167 0.089815
