0 1 0.245052 0.775463 0.063021 0.234259
0 2 0.297917 0.776389 0.054167 0.232407
0 3 0.349479 0.754167 0.041667 0.204630
0 5 0.324479 0.879630 0.061458 0.242593
0 6 0.387240 0.881019 0.058854 0.230556
0 7 0.651823 0.671759 0.044271 0.195370
0 8 0.656250 0.670833 0.037500 0.193519
0 9 0.800781 0.535185 0.027604 0.092593
0 10 0.643750 0.656481 0.035417 0.181481
0 11 0.850521 0.706944 0.047917 0.189815
0 12 0.757292 0.751389 0.043750 0.208333
0 13 0.703385 0.758333 0.048438 0.207407
0 14 0.835677 0.691204 0.042188 0.184259
0 15 0.446875 0.538889 0.023958 0.109259
0 16 0.475000 0.526389 0.031250 0.128704
0 17 0.431771 0.563889 0.027083 0.129630
0 18 0.494531 0.549537 0.031771 0.125000
0 19 0.499479 0.529167 0.026042 0.121296
0 20 0.546354 0.529630 0.031250 0.125926
0 21 0.522396 0.547222 0.030208 0.129630
0 22 0.494531 0.651852 0.048438 0.183333
0 23 0.511458 0.652778 0.036458 0.174074
0 24 0.548177 0.645833 0.033854 0.165741
0 25 0.562760 0.619444 0.031771 0.153704
0 26 0.604948 0.619444 0.034896 0.157407
0 27 0.605990 0.606944 0.030729 0.147222
0 28 0.561458 0.685648 0.043750 0.169444
0 29 0.589063 0.700463 0.030208 0.130556
0 30 0.663802 0.702315 0.040104 0.197222
0 31 0.653646 0.756019 0.045833 0.221296
0 32 0.679948 0.606019 0.029687 0.143519
0 33 0.743490 0.647685 0.038021 0.167593
0 34 0.721094 0.711111 0.045312 0.164815
0 35 0.016667 0.944907 0.032292 0.112037
0 36 0.050521 0.962037 0.052083 0.077778
0 38 0.581771 0.831944 0.063542 0.204630
0 39 0.748958 0.818981 0.067708 0.215741
0 52 0.458854 0.487963 0.032292 0.103704
0 53 0.419271 0.482407 0.033333 0.125926
0 73 0.717708 0.459259 0.026042 0.090741
0 74 0.737240 0.458796 0.029687 0.089815
