0 1 0.278646 0.703704 0.054167 0.207407
0 2 0.340104 0.703241 0.051042 0.217593
0 3 0.402604 0.694907 0.035417 0.189815
0 5 0.239063 0.922685 0.071875 0.156481
0 6 0.321094 0.928704 0.053646 0.142593
0 7 0.551042 0.633333 0.041667 0.185185
0 8 0.568490 0.634722 0.033854 0.187963
0 9 0.791406 0.524537 0.025521 0.093519
0 10 0.623698 0.651852 0.038021 0.181481
0 12 0.736719 0.831944 0.046354 0.239815
0 13 0.684896 0.829167 0.057292 0.237963
0 15 0.455469 0.558333 0.023438 0.112963
0 16 0.482031 0.543519 0.030729 0.144444
0 17 0.440885 0.587500 0.029687 0.137963
0 18 0.525260 0.572685 0.029687 0.143519
0 19 0.505729 0.550000 0.026042 0.135185
0 20 0.533073 0.547222 0.029687 0.140741
0 21 0.551042 0.566667 0.032292 0.129630
0 22 0.610156 0.697222 0.056771 0.201852
0 23 0.635156 0.687963 0.044271 0.190741
0 24 0.659115 0.682870 0.038021 0.173148
0 25 0.559375 0.662500 0.039583 0.175000
0 26 0.724479 0.634259 0.036458 0.157407
0 27 0.740625 0.637037 0.030208 0.151852
0 28 0.737240 0.711574 0.050521 0.182407
0 29 0.754948 0.725926 0.033854 0.140741
0 30 0.848177 0.714352 0.060937 0.199074
0 31 0.627344 0.831481 0.049479 0.253704
0 32 0.776042 0.639815 0.040625 0.170370
0 33 0.840365 0.686574 0.046354 0.189815
0 34 0.914583 0.724537 0.041667 0.182407
0 35 0.050260 0.902778 0.057813 0.194444
0 36 0.095052 0.917593 0.054688 0.164815
0 37 0.038542 0.973611 0.051042 0.054630
0 38 0.305469 0.820370 0.051562 0.203704
0 39 0.466146 0.828241 0.056250 0.223148
0 40 0.773958 0.766204 0.037500 0.210185
0 41 0.965104 0.758333 0.045833 0.203704
0 42 0.855208 0.756944 0.056250 0.212037
0 43 0.860156 0.750000 0.044271 0.196296
0 44 0.893750 0.746296 0.038542 0.179630
0 52 0.504167 0.503241 0.033333 0.106481
0 53 0.476042 0.493056 0.032292 0.123148
0 54 0.405729 0.489352 0.033333 0.123148
0 56 0.417187 0.485185 0.026042 0.090741
0 57 0.402865 0.476852 0.025521 0.101852
0 71 0.406771 0.482870 0.025000 0.112037
0 73 0.741667 0.440741 0.018750 0.074074
0 74 0.751042 0.444907 0.028125 0.087963
