0 1 0.245573 0.753704 0.058854 0.220370
0 2 0.310937 0.762037 0.048958 0.231481
0 3 0.364063 0.739352 0.041667 0.204630
0 5 0.309635 0.887963 0.060937 0.225926
0 6 0.370312 0.892593 0.061458 0.214815
0 7 0.618229 0.660648 0.044792 0.193519
0 8 0.632552 0.657407 0.042188 0.187037
0 9 0.793490 0.529630 0.025521 0.092593
0 10 0.634375 0.653241 0.035417 0.182407
0 11 0.872656 0.712037 0.053646 0.188889
0 12 0.752083 0.766204 0.044792 0.221296
0 13 0.702604 0.768519 0.047917 0.216667
0 14 0.856510 0.694444 0.045312 0.188889
0 15 0.448958 0.539352 0.023958 0.110185
0 16 0.474740 0.528704 0.031771 0.133333
0 17 0.429427 0.564815 0.027604 0.131481
0 18 0.497396 0.553241 0.031250 0.132407
0 19 0.499479 0.532870 0.026042 0.121296
0 20 0.543750 0.531019 0.031250 0.130556
0 21 0.527083 0.549074 0.030208 0.129630
0 22 0.515104 0.657407 0.043750 0.187037
0 23 0.525781 0.660185 0.035937 0.177778
0 24 0.561198 0.653241 0.035937 0.169444
0 25 0.554167 0.625463 0.031250 0.160185
0 26 0.628125 0.623148 0.035417 0.157407
0 27 0.635417 0.617593 0.031250 0.151852
0 28 0.587500 0.691667 0.044792 0.174074
0 29 0.620052 0.704167 0.035937 0.134259
0 30 0.701562 0.705556 0.046875 0.198148
0 31 0.654167 0.768519 0.046875 0.224074
0 32 0.706771 0.608796 0.029167 0.143519
0 33 0.766927 0.650926 0.040104 0.168519
0 34 0.763021 0.712037 0.047917 0.172222
0 35 0.021615 0.937037 0.042188 0.127778
0 36 0.046615 0.953704 0.059896 0.094444
0 38 0.504167 0.826852 0.056250 0.203704
0 39 0.686198 0.817130 0.050521 0.219444
0 40 0.963021 0.805093 0.046875 0.210185
0 52 0.466146 0.489352 0.032292 0.104630
0 53 0.436979 0.481019 0.032292 0.123148
0 73 0.722135 0.452315 0.025521 0.089815
0 74 0.742708 0.450463 0.030208 0.089815
