0 1 0.246094 0.747685 0.058854 0.221296
0 2 0.312760 0.757407 0.049479 0.231481
0 3 0.365625 0.731944 0.040625 0.202778
0 5 0.305729 0.889815 0.061458 0.222222
0 6 0.366667 0.894444 0.061458 0.211111
0 7 0.612760 0.658333 0.044271 0.192593
0 8 0.626042 0.655093 0.040625 0.184259
0 9 0.792448 0.529630 0.025521 0.092593
0 10 0.631771 0.653241 0.034375 0.182407
0 11 0.877604 0.712963 0.056250 0.187037
0 12 0.749479 0.769907 0.043750 0.221296
0 13 0.702604 0.774537 0.047917 0.217593
0 14 0.863281 0.696759 0.047396 0.191667
0 15 0.449479 0.539352 0.023958 0.110185
0 16 0.474740 0.529630 0.031771 0.135185
0 17 0.429427 0.566204 0.027604 0.132407
0 18 0.497917 0.554167 0.031250 0.134259
0 19 0.500000 0.532870 0.026042 0.121296
0 20 0.543490 0.531944 0.031771 0.132407
0 21 0.529167 0.551852 0.030208 0.129630
0 22 0.520052 0.659722 0.047396 0.189815
0 23 0.530990 0.662037 0.035937 0.181481
0 24 0.563281 0.656481 0.035937 0.172222
0 25 0.551042 0.628704 0.031250 0.161111
0 26 0.633073 0.625000 0.035937 0.157407
0 27 0.641667 0.617593 0.031250 0.151852
0 28 0.595052 0.693519 0.045312 0.174074
0 29 0.627865 0.704630 0.035937 0.135185
0 30 0.712240 0.706481 0.048438 0.201852
0 31 0.653646 0.772222 0.046875 0.224074
0 32 0.712760 0.609722 0.029687 0.143519
0 33 0.769792 0.653241 0.042708 0.169444
0 34 0.771094 0.712963 0.049479 0.174074
0 35 0.022656 0.933796 0.044271 0.134259
0 36 0.047656 0.951852 0.059896 0.098148
0 38 0.489323 0.825926 0.063021 0.203704
0 39 0.667969 0.818519 0.060937 0.216667
0 40 0.948958 0.802315 0.057292 0.210185
0 52 0.469271 0.489352 0.032292 0.104630
0 53 0.439583 0.481019 0.032292 0.123148
0 73 0.722917 0.451852 0.025000 0.088889
0 74 0.743750 0.448611 0.030208 0.089815
