0 1 0.248438 0.741204 0.057292 0.215741
0 2 0.315104 0.747685 0.051042 0.232407
0 3 0.368229 0.723148 0.039583 0.196296
0 5 0.299219 0.893519 0.063021 0.212963
0 6 0.360677 0.898148 0.061979 0.203704
0 7 0.603906 0.654630 0.043229 0.192593
0 8 0.614844 0.651389 0.038021 0.178704
0 9 0.791406 0.529630 0.025521 0.092593
0 10 0.627604 0.653241 0.032292 0.182407
0 11 0.895573 0.714352 0.054688 0.189815
0 12 0.745052 0.775926 0.042188 0.222222
0 13 0.701562 0.781944 0.047917 0.219444
0 14 0.875000 0.699537 0.048958 0.193519
0 15 0.450260 0.540278 0.023438 0.110185
0 16 0.473958 0.530556 0.031250 0.137037
0 17 0.429427 0.567593 0.029687 0.133333
0 18 0.500521 0.556481 0.032292 0.135185
0 19 0.501042 0.532870 0.026042 0.121296
0 20 0.538281 0.533333 0.031771 0.131481
0 21 0.531771 0.555556 0.030208 0.129630
0 22 0.529167 0.665278 0.053125 0.193519
0 23 0.540365 0.664815 0.040104 0.187037
0 24 0.568229 0.661111 0.036458 0.174074
0 25 0.545573 0.631481 0.031771 0.161111
0 26 0.648958 0.621296 0.036458 0.157407
0 27 0.650000 0.617593 0.031250 0.151852
0 28 0.608854 0.695833 0.046875 0.173148
0 29 0.640885 0.705093 0.034896 0.134259
0 30 0.730469 0.706944 0.051562 0.202778
0 31 0.650521 0.778704 0.046875 0.224074
0 32 0.723177 0.610648 0.029687 0.143519
0 33 0.775521 0.656019 0.045833 0.171296
0 34 0.782031 0.715741 0.054688 0.175926
0 35 0.024479 0.928241 0.047917 0.145370
0 36 0.052604 0.946759 0.057292 0.108333
0 38 0.459375 0.825926 0.057292 0.203704
0 39 0.640104 0.819907 0.066667 0.213889
0 40 0.927604 0.794444 0.060417 0.209259
0 52 0.472135 0.488426 0.030729 0.104630
0 53 0.445312 0.481019 0.032292 0.123148
0 73 0.723698 0.450926 0.024479 0.087037
0 74 0.745833 0.444907 0.030208 0.089815
