0 1 0.280729 0.700926 0.054167 0.207407
0 2 0.341146 0.699537 0.051042 0.217593
0 3 0.404948 0.690278 0.035937 0.189815
0 5 0.233333 0.926852 0.072917 0.148148
0 6 0.317969 0.932407 0.054688 0.137037
0 7 0.546875 0.630093 0.041667 0.184259
0 8 0.566406 0.631019 0.033854 0.186111
0 9 0.791667 0.523611 0.026042 0.093519
0 10 0.624740 0.651852 0.038021 0.181481
0 12 0.735417 0.835185 0.045833 0.240741
0 13 0.684896 0.832870 0.056250 0.241667
0 15 0.456510 0.559259 0.023438 0.112963
0 16 0.483073 0.544444 0.030729 0.144444
0 17 0.443490 0.589352 0.029687 0.137963
0 18 0.528125 0.573611 0.030208 0.143519
0 19 0.507552 0.549074 0.025521 0.135185
0 20 0.533333 0.548148 0.029167 0.140741
0 21 0.554688 0.567593 0.033333 0.129630
0 22 0.621875 0.698611 0.053125 0.202778
0 23 0.645573 0.689815 0.044271 0.190741
0 24 0.671094 0.683796 0.039062 0.173148
0 25 0.566406 0.663889 0.038021 0.175926
0 26 0.731250 0.637963 0.036458 0.161111
0 27 0.748958 0.637963 0.030208 0.151852
0 28 0.751042 0.711574 0.057292 0.184259
0 29 0.768490 0.724074 0.033854 0.140741
0 30 0.860677 0.714352 0.060937 0.199074
0 31 0.624479 0.836111 0.051042 0.255556
0 32 0.782292 0.641204 0.040625 0.171296
0 33 0.847656 0.688426 0.046354 0.191667
0 34 0.932031 0.724537 0.052604 0.178704
0 35 0.054688 0.900000 0.057292 0.198148
0 36 0.101042 0.915741 0.055208 0.170370
0 37 0.044271 0.969444 0.054167 0.061111
0 38 0.294010 0.818981 0.052604 0.204630
0 39 0.449740 0.827315 0.063021 0.225000
0 40 0.759896 0.764352 0.061458 0.210185
0 41 0.953646 0.756944 0.053125 0.202778
0 42 0.848958 0.753241 0.058333 0.206481
0 43 0.848437 0.749074 0.043750 0.196296
0 44 0.884115 0.746296 0.041146 0.177778
0 45 0.979427 0.788889 0.033854 0.144444
0 52 0.507031 0.503241 0.030729 0.106481
0 53 0.478646 0.494907 0.032292 0.123148
0 54 0.407292 0.490741 0.032292 0.124074
0 55 0.833333 0.559259 0.031250 0.140741
0 56 0.421875 0.486111 0.026042 0.090741
0 57 0.407813 0.476852 0.025000 0.101852
0 71 0.411458 0.484722 0.025000 0.112037
0 73 0.742708 0.439815 0.018750 0.074074
0 74 0.751823 0.442593 0.027604 0.087037
