0 1 0.247135 0.745833 0.058854 0.221296
0 2 0.313542 0.754630 0.050000 0.231481
0 3 0.366406 0.728241 0.040104 0.202778
0 5 0.303906 0.891204 0.061979 0.219444
0 6 0.365104 0.895370 0.061458 0.209259
0 7 0.610417 0.657407 0.043750 0.192593
0 8 0.622656 0.654167 0.040104 0.182407
0 9 0.792448 0.529630 0.025521 0.092593
0 10 0.630729 0.653241 0.033333 0.182407
0 11 0.882552 0.712963 0.055729 0.187037
0 12 0.748177 0.771759 0.043229 0.221296
0 13 0.702604 0.778241 0.047917 0.217593
0 14 0.866927 0.698148 0.048438 0.192593
0 15 0.449740 0.539352 0.023438 0.110185
0 16 0.474740 0.529630 0.031771 0.135185
0 17 0.429427 0.566204 0.028646 0.132407
0 18 0.498437 0.554630 0.031250 0.135185
0 19 0.500260 0.532870 0.025521 0.121296
0 20 0.541927 0.531944 0.031771 0.132407
0 21 0.530208 0.552778 0.030208 0.129630
0 22 0.522396 0.661111 0.048958 0.190741
0 23 0.533333 0.662963 0.036458 0.183333
0 24 0.564323 0.658333 0.035937 0.172222
0 25 0.549479 0.629167 0.031250 0.162037
0 26 0.637240 0.624074 0.035937 0.157407
0 27 0.644792 0.617593 0.031250 0.151852
0 28 0.598958 0.693981 0.045833 0.173148
0 29 0.631771 0.704630 0.035417 0.135185
0 30 0.717448 0.706944 0.049479 0.202778
0 31 0.652604 0.774074 0.046875 0.224074
0 32 0.715885 0.609722 0.029687 0.143519
0 33 0.771354 0.653704 0.043750 0.170370
0 34 0.775000 0.714352 0.051042 0.175000
0 35 0.023177 0.932407 0.045312 0.137037
0 36 0.048958 0.950463 0.059375 0.100926
0 38 0.484375 0.825926 0.063542 0.203704
0 39 0.658854 0.819444 0.065625 0.216667
0 40 0.941667 0.800463 0.062500 0.210185
0 52 0.470313 0.488426 0.032292 0.104630
0 53 0.441146 0.481019 0.032292 0.123148
0 73 0.722917 0.451389 0.025000 0.087963
0 74 0.744271 0.447685 0.030208 0.089815
