0 1 0.254688 0.731944 0.054167 0.208333
0 2 0.320312 0.731019 0.050000 0.221296
0 3 0.378646 0.714352 0.039583 0.193519
0 5 0.283333 0.900000 0.064583 0.200000
0 6 0.348958 0.905556 0.063542 0.187037
0 7 0.589063 0.649537 0.041667 0.191667
0 8 0.597917 0.646296 0.035417 0.177778
0 9 0.789844 0.529630 0.025521 0.092593
0 10 0.621615 0.652315 0.032813 0.182407
0 11 0.919271 0.715741 0.048958 0.192593
0 12 0.741667 0.785185 0.041667 0.225926
0 13 0.697917 0.792593 0.047917 0.225926
0 14 0.894271 0.702778 0.047917 0.196296
0 15 0.451302 0.542130 0.023438 0.112037
0 16 0.472917 0.533796 0.030208 0.139815
0 17 0.430729 0.571296 0.030208 0.135185
0 18 0.504167 0.560185 0.033333 0.137037
0 19 0.502865 0.532870 0.025521 0.121296
0 20 0.534635 0.537963 0.031771 0.135185
0 21 0.534375 0.555556 0.030208 0.129630
0 22 0.547656 0.670833 0.042188 0.193519
0 23 0.557552 0.669444 0.045312 0.183333
0 24 0.580469 0.666204 0.038021 0.173148
0 25 0.538281 0.636111 0.033854 0.164815
0 26 0.669792 0.624074 0.036458 0.157407
0 27 0.667188 0.620370 0.031250 0.151852
0 28 0.639844 0.699537 0.046354 0.173148
0 29 0.662240 0.711574 0.033854 0.134259
0 30 0.760938 0.707407 0.056250 0.198148
0 31 0.644531 0.790741 0.046354 0.233333
0 32 0.738802 0.620370 0.035937 0.159259
0 33 0.791406 0.662963 0.042188 0.179630
0 34 0.810677 0.717593 0.046354 0.175926
0 35 0.026823 0.921759 0.052604 0.158333
0 36 0.060937 0.938426 0.053125 0.125000
0 38 0.410156 0.823148 0.053646 0.203704
0 39 0.594271 0.820833 0.072917 0.215741
0 40 0.883073 0.788426 0.063021 0.210185
0 42 0.963281 0.764815 0.046354 0.216667
0 43 0.957292 0.760648 0.038542 0.200926
0 52 0.478906 0.488889 0.036979 0.105556
0 53 0.451042 0.481944 0.032292 0.123148
0 54 0.381510 0.477778 0.028646 0.124074
0 56 0.383333 0.482407 0.027083 0.090741
0 73 0.725521 0.449537 0.023958 0.084259
0 74 0.747917 0.442130 0.028125 0.089815
