0 1 0.242188 0.781944 0.063542 0.234259
0 2 0.297917 0.783333 0.055208 0.229630
0 3 0.347396 0.758796 0.042708 0.206481
0 5 0.329427 0.875000 0.060937 0.248148
0 6 0.393229 0.871296 0.058333 0.229630
0 7 0.663281 0.676389 0.044271 0.195370
0 8 0.667448 0.678704 0.036979 0.194444
0 9 0.803646 0.537963 0.028125 0.092593
0 10 0.645833 0.662037 0.034375 0.181481
0 11 0.843229 0.704630 0.045833 0.187037
0 12 0.763802 0.750463 0.045312 0.206481
0 13 0.699479 0.755556 0.045833 0.207407
0 14 0.833333 0.689352 0.041667 0.184259
0 15 0.446875 0.538426 0.023958 0.108333
0 16 0.475260 0.526389 0.030729 0.126852
0 17 0.432812 0.563426 0.027083 0.128704
0 18 0.492708 0.550000 0.031250 0.124074
0 19 0.500000 0.528241 0.026042 0.121296
0 20 0.544792 0.529630 0.031250 0.125926
0 21 0.520833 0.550000 0.030208 0.129630
0 22 0.489063 0.646759 0.044792 0.182407
0 23 0.507812 0.646296 0.036458 0.174074
0 24 0.544531 0.642130 0.033854 0.160185
0 25 0.567187 0.618981 0.032292 0.154630
0 26 0.600260 0.618519 0.034896 0.157407
0 27 0.600260 0.603241 0.029687 0.136111
0 28 0.552865 0.682407 0.044271 0.168519
0 29 0.582292 0.698148 0.029167 0.129630
0 30 0.653646 0.697685 0.040625 0.193519
0 31 0.654167 0.752778 0.044792 0.216667
0 32 0.669271 0.605093 0.029167 0.143519
0 33 0.732812 0.650463 0.037500 0.167593
0 34 0.701302 0.708796 0.044271 0.162037
0 35 0.014844 0.945833 0.028646 0.110185
0 36 0.050521 0.966204 0.047917 0.069444
0 38 0.610156 0.836111 0.051562 0.203704
0 39 0.778125 0.816667 0.051042 0.212963
0 52 0.454688 0.486574 0.038542 0.104630
0 53 0.412500 0.483333 0.033333 0.127778
0 73 0.715104 0.462963 0.026042 0.090741
0 74 0.735417 0.463426 0.030208 0.089815
