0 1 0.270573 0.707870 0.054688 0.208333
0 2 0.335938 0.714352 0.050000 0.217593
0 3 0.394792 0.698611 0.039583 0.187963
0 5 0.256510 0.913426 0.071354 0.173148
0 6 0.329948 0.919444 0.056771 0.159259
0 7 0.564583 0.640741 0.041667 0.188889
0 8 0.576042 0.640278 0.033333 0.186111
0 9 0.790365 0.526389 0.025521 0.093519
0 10 0.621094 0.651852 0.038021 0.181481
0 12 0.735938 0.810185 0.043750 0.229630
0 13 0.686979 0.815278 0.051042 0.234259
0 14 0.952344 0.710185 0.060937 0.192593
0 15 0.453385 0.555556 0.023438 0.112963
0 16 0.478385 0.537963 0.030729 0.142593
0 17 0.434375 0.581019 0.030208 0.137963
0 18 0.515885 0.566204 0.033854 0.137963
0 19 0.504167 0.543519 0.026042 0.129630
0 20 0.530990 0.546296 0.031771 0.140741
0 21 0.541146 0.562037 0.030208 0.129630
0 22 0.582031 0.690278 0.050521 0.204630
0 23 0.603646 0.682407 0.043750 0.190741
0 24 0.625781 0.678704 0.035937 0.174074
0 25 0.540365 0.654630 0.035937 0.174074
0 26 0.704688 0.630556 0.036458 0.157407
0 27 0.714323 0.631481 0.030729 0.151852
0 28 0.699479 0.709259 0.043750 0.177778
0 29 0.717187 0.721296 0.033333 0.135185
0 30 0.812240 0.713889 0.058854 0.198148
0 31 0.634896 0.817130 0.046875 0.247222
0 32 0.761979 0.637037 0.039583 0.170370
0 33 0.820312 0.681481 0.044792 0.187037
0 34 0.877083 0.721296 0.052083 0.179630
0 35 0.037240 0.910185 0.056771 0.179630
0 36 0.078125 0.924537 0.054167 0.150926
0 37 0.024479 0.981944 0.031250 0.037963
0 38 0.340885 0.819907 0.050521 0.204630
0 39 0.511458 0.824074 0.057292 0.224074
0 40 0.810417 0.774537 0.045833 0.210185
0 42 0.894271 0.761111 0.064583 0.212963
0 43 0.893750 0.758333 0.046875 0.196296
0 44 0.928385 0.748611 0.036979 0.184259
0 52 0.492969 0.500000 0.052604 0.107407
0 53 0.468229 0.489352 0.032292 0.123148
0 54 0.396615 0.484259 0.027604 0.124074
0 56 0.406250 0.483333 0.025000 0.090741
0 57 0.391406 0.475000 0.025521 0.103704
0 71 0.394271 0.478704 0.025000 0.112963
0 73 0.735677 0.444907 0.020313 0.076852
0 74 0.748958 0.447685 0.028125 0.089815
