0 1 0.271615 0.706481 0.054688 0.207407
0 2 0.336979 0.714352 0.050000 0.217593
0 3 0.395573 0.698148 0.039062 0.187037
0 5 0.254948 0.914352 0.071354 0.171296
0 6 0.329167 0.919907 0.056250 0.158333
0 7 0.563021 0.640278 0.041667 0.187963
0 8 0.575521 0.640278 0.033333 0.186111
0 9 0.790365 0.526389 0.025521 0.093519
0 10 0.621094 0.651852 0.038021 0.181481
0 12 0.736198 0.812500 0.044271 0.230556
0 13 0.686719 0.816667 0.051562 0.235185
0 14 0.955208 0.710185 0.061458 0.192593
0 15 0.453385 0.556481 0.023438 0.112963
0 16 0.478646 0.537963 0.031250 0.142593
0 17 0.434635 0.581481 0.029687 0.137037
0 18 0.516667 0.566667 0.033333 0.138889
0 19 0.504167 0.544907 0.026042 0.130556
0 20 0.531250 0.546296 0.031250 0.140741
0 21 0.541667 0.562037 0.030208 0.129630
0 22 0.584635 0.690741 0.049479 0.203704
0 23 0.606250 0.682870 0.043750 0.189815
0 24 0.628385 0.678704 0.035937 0.174074
0 25 0.541146 0.656481 0.036458 0.174074
0 26 0.706250 0.630556 0.036458 0.157407
0 27 0.716667 0.632407 0.030208 0.151852
0 28 0.702083 0.709259 0.043750 0.177778
0 29 0.720313 0.721296 0.033333 0.135185
0 30 0.815104 0.713889 0.059375 0.198148
0 31 0.634115 0.818056 0.047396 0.247222
0 32 0.763021 0.637963 0.039583 0.170370
0 33 0.821875 0.682407 0.044792 0.187037
0 34 0.880469 0.721759 0.053646 0.178704
0 35 0.038281 0.909722 0.056771 0.180556
0 36 0.078906 0.923611 0.054688 0.152778
0 37 0.025781 0.981481 0.032813 0.038889
0 38 0.336979 0.818981 0.050000 0.204630
0 39 0.507031 0.825463 0.058854 0.223148
0 40 0.807552 0.774537 0.049479 0.210185
0 42 0.892188 0.761111 0.062500 0.212963
0 43 0.890885 0.758333 0.047396 0.196296
0 44 0.924479 0.747685 0.037500 0.184259
0 52 0.494010 0.501389 0.049479 0.108333
0 53 0.468750 0.489352 0.032292 0.123148
0 54 0.397656 0.484259 0.027604 0.124074
0 56 0.407031 0.483333 0.025521 0.090741
0 57 0.392188 0.475463 0.025000 0.102778
0 71 0.395313 0.479167 0.025000 0.112037
0 73 0.736719 0.444444 0.020313 0.075926
0 74 0.749479 0.448611 0.028125 0.089815
