0 1 0.268229 0.713889 0.054167 0.209259
0 2 0.333333 0.716204 0.050000 0.217593
0 3 0.392188 0.700463 0.039583 0.187963
0 5 0.260417 0.911574 0.070833 0.176852
0 6 0.331771 0.918056 0.058333 0.163889
0 7 0.567708 0.641667 0.041667 0.188889
0 8 0.578125 0.641204 0.033333 0.184259
0 9 0.790104 0.526852 0.026042 0.092593
0 10 0.620573 0.651852 0.038021 0.181481
0 12 0.735938 0.808333 0.043750 0.229630
0 13 0.688021 0.812037 0.047917 0.235185
0 14 0.943750 0.709259 0.061458 0.192593
0 15 0.452865 0.553704 0.023438 0.112963
0 16 0.477344 0.536574 0.030729 0.141667
0 17 0.434115 0.578704 0.029687 0.137037
0 18 0.513802 0.565278 0.033854 0.137963
0 19 0.504167 0.541667 0.026042 0.127778
0 20 0.530729 0.546296 0.032292 0.140741
0 21 0.540104 0.560185 0.030208 0.129630
0 22 0.574219 0.689815 0.054688 0.205556
0 23 0.596094 0.681019 0.043229 0.189815
0 24 0.617969 0.678241 0.035937 0.173148
0 25 0.538281 0.649537 0.034896 0.175000
0 26 0.699479 0.629630 0.036458 0.157407
0 27 0.707552 0.629630 0.030729 0.151852
0 28 0.690104 0.708333 0.043750 0.177778
0 29 0.707812 0.721296 0.033333 0.135185
0 30 0.803646 0.712963 0.058333 0.198148
0 31 0.636458 0.812500 0.046875 0.245370
0 32 0.758854 0.635185 0.039583 0.170370
0 33 0.815625 0.680556 0.043750 0.187037
0 34 0.866927 0.720833 0.054688 0.178704
0 35 0.034115 0.912037 0.056771 0.175926
0 36 0.075521 0.926389 0.054167 0.147222
0 38 0.352344 0.820833 0.052604 0.204630
0 39 0.524479 0.821759 0.057292 0.223148
0 40 0.819531 0.777315 0.046354 0.210185
0 42 0.905208 0.758333 0.045833 0.212963
0 43 0.902865 0.757870 0.045312 0.197222
0 44 0.939583 0.750000 0.036458 0.185185
0 52 0.490104 0.496296 0.060417 0.109259
0 53 0.466146 0.488426 0.032292 0.123148
0 54 0.394531 0.483333 0.027604 0.124074
0 56 0.403646 0.482407 0.025000 0.090741
0 57 0.388802 0.474074 0.025521 0.103704
0 71 0.391667 0.476852 0.025000 0.112963
0 73 0.733073 0.445833 0.021354 0.078704
0 74 0.748958 0.447685 0.028125 0.089815
