0 1 0.259115 0.725463 0.054688 0.210185
0 2 0.323958 0.724074 0.050000 0.218519
0 3 0.381250 0.708333 0.039583 0.190741
0 5 0.275521 0.903241 0.065625 0.193519
0 6 0.341667 0.910185 0.063542 0.179630
0 7 0.582292 0.646759 0.041667 0.191667
0 8 0.590104 0.643981 0.034375 0.178704
0 9 0.789323 0.528704 0.025521 0.092593
0 10 0.619010 0.651852 0.036979 0.181481
0 11 0.936979 0.719444 0.042708 0.192593
0 12 0.739323 0.793981 0.042188 0.226852
0 13 0.695312 0.798611 0.047917 0.230556
0 14 0.909896 0.704630 0.054167 0.194444
0 15 0.451823 0.544444 0.023438 0.112963
0 16 0.474479 0.534722 0.030208 0.139815
0 17 0.431771 0.573611 0.030208 0.136111
0 18 0.505729 0.559722 0.033333 0.137963
0 19 0.503906 0.532870 0.025521 0.121296
0 20 0.533073 0.540741 0.031771 0.137037
0 21 0.535417 0.555556 0.030208 0.129630
0 22 0.555729 0.675463 0.047917 0.193519
0 23 0.570833 0.671296 0.042708 0.187037
0 24 0.591927 0.671759 0.036979 0.173148
0 25 0.535417 0.643519 0.039583 0.170370
0 26 0.679688 0.625926 0.036458 0.157407
0 27 0.680729 0.623148 0.031250 0.151852
0 28 0.656250 0.702778 0.045833 0.174074
0 29 0.675000 0.716204 0.033333 0.134259
0 30 0.774219 0.709259 0.056771 0.198148
0 31 0.642188 0.795833 0.046875 0.236111
0 32 0.746354 0.626852 0.039583 0.170370
0 33 0.799219 0.669907 0.042188 0.182407
0 34 0.827865 0.718519 0.055729 0.175926
0 35 0.027865 0.918981 0.054688 0.163889
0 36 0.065365 0.933796 0.052604 0.132407
0 38 0.392969 0.821759 0.052604 0.204630
0 39 0.569792 0.816204 0.051042 0.219444
0 40 0.863281 0.786111 0.058854 0.209259
0 42 0.944271 0.763889 0.055208 0.218519
0 43 0.939323 0.758333 0.040104 0.201852
0 52 0.484896 0.490278 0.050000 0.108333
0 53 0.456250 0.483796 0.032292 0.123148
0 54 0.385417 0.480556 0.028125 0.124074
0 56 0.390625 0.482407 0.026042 0.090741
0 73 0.726302 0.449074 0.023438 0.083333
0 74 0.747396 0.444907 0.028125 0.089815
