0 1 0.283854 0.693519 0.055208 0.205556
0 2 0.342448 0.692130 0.048438 0.213889
0 3 0.412240 0.684259 0.035937 0.185185
0 5 0.225521 0.931944 0.076042 0.137963
0 6 0.312500 0.937963 0.056250 0.125926
0 7 0.539062 0.625463 0.041667 0.182407
0 8 0.563021 0.625463 0.034375 0.180556
0 9 0.792188 0.522685 0.026042 0.093519
0 10 0.623958 0.647685 0.037500 0.180556
0 12 0.734375 0.843519 0.047917 0.244444
0 13 0.684635 0.839352 0.054688 0.247222
0 15 0.457552 0.560185 0.023438 0.112963
0 16 0.486458 0.543981 0.031250 0.145370
0 17 0.445573 0.590741 0.029687 0.140741
0 18 0.532552 0.574537 0.030729 0.143519
0 19 0.510677 0.548148 0.025521 0.135185
0 20 0.534896 0.549074 0.028125 0.140741
0 21 0.559635 0.570370 0.033854 0.135185
0 22 0.643229 0.701389 0.045833 0.204630
0 23 0.669010 0.690741 0.043229 0.190741
0 24 0.692708 0.687500 0.041667 0.173148
0 25 0.585417 0.665278 0.047917 0.176852
0 26 0.743750 0.644907 0.036458 0.167593
0 27 0.761979 0.640741 0.030208 0.153704
0 28 0.770573 0.712037 0.059896 0.185185
0 29 0.792448 0.723148 0.033854 0.140741
0 30 0.883854 0.714352 0.061458 0.199074
0 31 0.617969 0.842593 0.053646 0.259259
0 32 0.793750 0.643981 0.040625 0.171296
0 33 0.863802 0.693056 0.046354 0.195370
0 34 0.954167 0.725463 0.053125 0.176852
0 35 0.062240 0.895833 0.057813 0.206481
0 36 0.111198 0.911574 0.054688 0.178704
0 37 0.055729 0.961574 0.054167 0.076852
0 38 0.269531 0.815741 0.058854 0.203704
0 39 0.427083 0.827778 0.065625 0.224074
0 40 0.741406 0.761111 0.049479 0.209259
0 41 0.931771 0.755093 0.052083 0.204630
0 42 0.827604 0.751389 0.046875 0.212037
0 43 0.826562 0.749074 0.043750 0.196296
0 44 0.864062 0.743981 0.050000 0.173148
0 45 0.957552 0.782870 0.040104 0.136111
0 52 0.510156 0.503241 0.032813 0.106481
0 53 0.483333 0.497685 0.032292 0.123148
0 54 0.410938 0.493519 0.030208 0.125926
0 55 0.829688 0.560185 0.031250 0.140741
0 56 0.434635 0.487963 0.025521 0.090741
0 57 0.416406 0.476852 0.025521 0.101852
0 71 0.419271 0.485648 0.025000 0.112037
0 73 0.744271 0.437963 0.018750 0.074074
0 74 0.753385 0.438426 0.027604 0.086111
