0 1 0.241406 0.787500 0.063021 0.234259
0 2 0.296615 0.794907 0.054688 0.243519
0 3 0.347656 0.763889 0.044271 0.209259
0 5 0.333594 0.869907 0.058854 0.245370
0 6 0.395573 0.868519 0.058854 0.227778
0 7 0.670573 0.679167 0.044271 0.195370
0 8 0.673958 0.682870 0.036458 0.195370
0 9 0.804167 0.541667 0.028125 0.092593
0 10 0.647135 0.664815 0.033854 0.181481
0 11 0.841406 0.705093 0.042188 0.187963
0 12 0.761198 0.749537 0.044271 0.204630
0 13 0.696094 0.754167 0.043229 0.206481
0 14 0.833073 0.687963 0.041146 0.185185
0 15 0.446615 0.538426 0.023438 0.108333
0 16 0.475260 0.526389 0.030729 0.126852
0 17 0.433854 0.563426 0.027083 0.128704
0 18 0.491406 0.550000 0.030729 0.124074
0 19 0.500521 0.527315 0.026042 0.121296
0 20 0.544010 0.530556 0.031771 0.125926
0 21 0.519271 0.551852 0.030208 0.129630
0 22 0.485677 0.645833 0.044271 0.182407
0 23 0.506250 0.643981 0.036458 0.173148
0 24 0.542448 0.639815 0.033854 0.157407
0 25 0.568229 0.618981 0.032292 0.154630
0 26 0.597396 0.617130 0.035417 0.156481
0 27 0.596875 0.600926 0.029167 0.129630
0 28 0.549740 0.681481 0.044271 0.168519
0 29 0.578906 0.697222 0.030729 0.129630
0 30 0.647396 0.697685 0.040625 0.193519
0 31 0.651823 0.751389 0.045312 0.213889
0 32 0.663542 0.604167 0.029167 0.143519
0 33 0.726823 0.652315 0.036979 0.167593
0 34 0.691927 0.708333 0.042188 0.164815
0 35 0.013802 0.947222 0.026562 0.105556
0 36 0.048958 0.969907 0.044792 0.062037
0 38 0.630469 0.837963 0.056771 0.203704
0 39 0.794271 0.821759 0.060417 0.212037
0 52 0.450000 0.487500 0.033333 0.104630
0 53 0.408854 0.483796 0.031250 0.128704
0 73 0.714063 0.464815 0.026042 0.090741
0 74 0.734375 0.466204 0.030208 0.089815
