0 1 0.248177 0.767593 0.063021 0.222222
0 2 0.303125 0.770833 0.052083 0.232407
0 3 0.354687 0.749537 0.041667 0.204630
0 5 0.319271 0.882870 0.061458 0.236111
0 6 0.379427 0.887500 0.059896 0.225000
0 7 0.639323 0.667593 0.044271 0.194444
0 8 0.646615 0.665278 0.039062 0.191667
0 9 0.797917 0.533333 0.027083 0.092593
0 10 0.640104 0.655556 0.035417 0.181481
0 11 0.859896 0.710185 0.047917 0.194444
0 12 0.755469 0.757407 0.045312 0.212963
0 13 0.704427 0.762037 0.048438 0.207407
0 14 0.841927 0.690741 0.042188 0.185185
0 15 0.447917 0.539352 0.023958 0.110185
0 16 0.475000 0.527315 0.031250 0.130556
0 17 0.430729 0.564352 0.027083 0.130556
0 18 0.495573 0.550926 0.031771 0.127778
0 19 0.498958 0.531019 0.026042 0.121296
0 20 0.545312 0.529630 0.031250 0.127778
0 21 0.524479 0.547222 0.030208 0.129630
0 22 0.502604 0.656019 0.055208 0.184259
0 23 0.516146 0.656019 0.036458 0.175000
0 24 0.552083 0.649074 0.034375 0.168519
0 25 0.560937 0.621296 0.032292 0.155556
0 26 0.609896 0.621296 0.034375 0.157407
0 27 0.616146 0.612037 0.031250 0.151852
0 28 0.570573 0.689352 0.044271 0.171296
0 29 0.597396 0.703241 0.033333 0.132407
0 30 0.676042 0.704630 0.041667 0.196296
0 31 0.652604 0.759259 0.046875 0.224074
0 32 0.690365 0.606944 0.029687 0.143519
0 33 0.753646 0.647685 0.038542 0.167593
0 34 0.739062 0.705556 0.037500 0.164815
0 35 0.018490 0.943519 0.035937 0.114815
0 36 0.048958 0.958796 0.055208 0.084259
0 38 0.551042 0.827315 0.051042 0.204630
0 39 0.727865 0.816204 0.058854 0.213889
0 52 0.463021 0.489352 0.032292 0.104630
0 53 0.426042 0.481481 0.033333 0.124074
0 73 0.720313 0.454630 0.026042 0.090741
0 74 0.739062 0.455093 0.030208 0.089815
