0 1 0.247135 0.771759 0.063021 0.226852
0 2 0.301302 0.772222 0.052604 0.231481
0 3 0.352604 0.752315 0.041667 0.204630
0 5 0.320833 0.881944 0.061458 0.237963
0 6 0.381250 0.886574 0.059375 0.226852
0 7 0.643490 0.668981 0.044271 0.195370
0 8 0.648958 0.666667 0.038542 0.192593
0 9 0.798698 0.533333 0.026562 0.092593
0 10 0.641146 0.655556 0.035417 0.181481
0 11 0.857292 0.709259 0.047917 0.192593
0 12 0.755729 0.755093 0.044792 0.212037
0 13 0.703906 0.761111 0.048438 0.207407
0 14 0.840365 0.691204 0.042188 0.184259
0 15 0.447396 0.539352 0.023958 0.110185
0 16 0.475000 0.527315 0.031250 0.130556
0 17 0.431250 0.563889 0.027083 0.129630
0 18 0.495052 0.550463 0.031771 0.126852
0 19 0.499479 0.531019 0.026042 0.121296
0 20 0.545312 0.529630 0.031250 0.127778
0 21 0.523958 0.547222 0.030208 0.129630
0 22 0.499740 0.655556 0.054688 0.183333
0 23 0.514583 0.655093 0.036458 0.175000
0 24 0.550781 0.649074 0.033854 0.168519
0 25 0.561458 0.621759 0.032292 0.154630
0 26 0.608594 0.621296 0.034896 0.157407
0 27 0.612500 0.610185 0.031250 0.151852
0 28 0.567708 0.688426 0.043750 0.171296
0 29 0.594792 0.701852 0.032292 0.131481
0 30 0.672135 0.704630 0.041146 0.198148
0 31 0.652604 0.758333 0.046875 0.224074
0 32 0.687500 0.606944 0.029167 0.143519
0 33 0.751042 0.646759 0.038542 0.167593
0 34 0.732812 0.709259 0.039583 0.164815
0 35 0.017969 0.943981 0.034896 0.113889
0 36 0.049479 0.959722 0.054167 0.082407
0 38 0.560156 0.828241 0.038021 0.204630
0 39 0.739062 0.815741 0.062500 0.212963
0 52 0.462500 0.489352 0.032292 0.104630
0 53 0.424479 0.482407 0.033333 0.124074
0 73 0.719271 0.456481 0.026042 0.090741
0 74 0.738542 0.456019 0.030208 0.089815
