0 1 0.281510 0.700000 0.054688 0.207407
0 2 0.341667 0.698611 0.051042 0.217593
0 3 0.405990 0.689352 0.035937 0.189815
0 5 0.232031 0.928241 0.073438 0.145370
0 6 0.317188 0.933333 0.054167 0.135185
0 7 0.545833 0.629630 0.041667 0.183333
0 8 0.565885 0.630093 0.033854 0.184259
0 9 0.791667 0.523611 0.026042 0.093519
0 10 0.624219 0.650926 0.038021 0.181481
0 12 0.735417 0.836111 0.045833 0.240741
0 13 0.684635 0.833796 0.055729 0.241667
0 15 0.456510 0.559259 0.023438 0.112963
0 16 0.483594 0.544444 0.030729 0.144444
0 17 0.444010 0.589352 0.029687 0.137963
0 18 0.528646 0.573611 0.030208 0.143519
0 19 0.508073 0.549074 0.025521 0.135185
0 20 0.533854 0.548148 0.029167 0.140741
0 21 0.555729 0.568519 0.033333 0.129630
0 22 0.625000 0.698611 0.052083 0.202778
0 23 0.648698 0.690741 0.044271 0.190741
0 24 0.673958 0.684722 0.039583 0.173148
0 25 0.568490 0.663889 0.035937 0.175926
0 26 0.732812 0.639352 0.036458 0.162037
0 27 0.751042 0.637963 0.030208 0.151852
0 28 0.754687 0.711574 0.059375 0.184259
0 29 0.771615 0.724074 0.033854 0.140741
0 30 0.863802 0.714352 0.060937 0.199074
0 31 0.623437 0.837037 0.051042 0.255556
0 32 0.783854 0.641667 0.040625 0.170370
0 33 0.849479 0.688889 0.045833 0.192593
0 34 0.936458 0.724074 0.055208 0.177778
0 35 0.055729 0.899537 0.057292 0.199074
0 36 0.102604 0.915278 0.055208 0.171296
0 37 0.045833 0.968056 0.054167 0.063889
0 38 0.289844 0.818519 0.054688 0.203704
0 39 0.446354 0.827315 0.067708 0.223148
0 40 0.757031 0.763426 0.059896 0.210185
0 41 0.950521 0.756481 0.055208 0.201852
0 42 0.847656 0.752778 0.058854 0.205556
0 43 0.845313 0.749074 0.043750 0.196296
0 44 0.881250 0.745833 0.042708 0.176852
0 45 0.976302 0.787963 0.034896 0.142593
0 52 0.507552 0.503241 0.030729 0.106481
0 53 0.479167 0.494907 0.032292 0.123148
0 54 0.408073 0.491204 0.031771 0.125000
0 55 0.832812 0.559259 0.031250 0.140741
0 56 0.423958 0.486111 0.026042 0.090741
0 57 0.408854 0.476852 0.025000 0.101852
0 71 0.412500 0.484722 0.025000 0.112037
0 73 0.742708 0.439815 0.018750 0.074074
0 74 0.752083 0.442130 0.028125 0.087963
