0 1 0.277604 0.703704 0.054167 0.207407
0 2 0.339844 0.704167 0.050521 0.217593
0 3 0.401823 0.694907 0.035937 0.189815
0 5 0.240625 0.921759 0.071875 0.158333
0 6 0.321875 0.927778 0.054167 0.144444
0 7 0.552083 0.633796 0.041667 0.186111
0 8 0.569010 0.635648 0.033854 0.189815
0 9 0.791146 0.524537 0.026042 0.093519
0 10 0.623177 0.651852 0.038021 0.181481
0 12 0.736979 0.831019 0.045833 0.239815
0 13 0.684635 0.827778 0.057813 0.237037
0 15 0.455469 0.558333 0.023438 0.112963
0 16 0.481771 0.542593 0.031250 0.144444
0 17 0.440365 0.586574 0.029687 0.137963
0 18 0.524740 0.572685 0.029687 0.143519
0 19 0.505208 0.550000 0.026042 0.135185
0 20 0.532813 0.547222 0.030208 0.140741
0 21 0.550000 0.565741 0.032292 0.129630
0 22 0.607031 0.696296 0.054688 0.201852
0 23 0.632552 0.687963 0.044271 0.190741
0 24 0.656510 0.681944 0.038021 0.173148
0 25 0.557813 0.662037 0.039583 0.175926
0 26 0.722396 0.633333 0.036458 0.157407
0 27 0.738542 0.636111 0.030208 0.151852
0 28 0.733854 0.711574 0.048958 0.180556
0 29 0.751563 0.725000 0.033333 0.140741
0 30 0.845052 0.714352 0.060937 0.199074
0 31 0.628125 0.830556 0.048958 0.253704
0 32 0.774479 0.639815 0.040625 0.170370
0 33 0.838802 0.686111 0.046354 0.188889
0 34 0.911458 0.724074 0.044792 0.181481
0 35 0.049219 0.903704 0.057813 0.192593
0 36 0.093490 0.918056 0.054688 0.163889
0 37 0.037240 0.974074 0.049479 0.053704
0 38 0.306771 0.820370 0.053125 0.203704
0 39 0.470573 0.828241 0.057813 0.221296
0 40 0.777865 0.767130 0.031771 0.210185
0 41 0.967969 0.758796 0.044271 0.204630
0 42 0.859115 0.756019 0.050521 0.212037
0 43 0.863021 0.750926 0.044792 0.196296
0 44 0.895573 0.746296 0.038021 0.179630
0 52 0.503125 0.504167 0.034375 0.106481
0 53 0.475521 0.492130 0.032292 0.123148
0 54 0.405208 0.489352 0.033333 0.123148
0 56 0.416146 0.485185 0.026042 0.090741
0 57 0.401562 0.476852 0.025000 0.101852
0 71 0.405729 0.482870 0.025000 0.112037
0 73 0.741667 0.441667 0.018750 0.074074
0 74 0.751042 0.445370 0.028125 0.088889
