0 1 0.248177 0.741667 0.057813 0.216667
0 2 0.314583 0.748611 0.051042 0.232407
0 3 0.368229 0.724074 0.039583 0.198148
0 5 0.300000 0.893056 0.062500 0.213889
0 6 0.361719 0.897685 0.061979 0.204630
0 7 0.605208 0.655556 0.042708 0.192593
0 8 0.616406 0.651852 0.039062 0.179630
0 9 0.791927 0.529630 0.025521 0.092593
0 10 0.628125 0.653241 0.032292 0.182407
0 11 0.892969 0.713889 0.054688 0.188889
0 12 0.745573 0.775463 0.042188 0.221296
0 13 0.701562 0.781019 0.047917 0.219444
0 14 0.873437 0.699537 0.048958 0.193519
0 15 0.450260 0.540278 0.023438 0.110185
0 16 0.473958 0.530556 0.031250 0.137037
0 17 0.429427 0.567593 0.028646 0.133333
0 18 0.500000 0.556481 0.032292 0.135185
0 19 0.500781 0.532870 0.025521 0.121296
0 20 0.539323 0.533333 0.031771 0.131481
0 21 0.531771 0.555556 0.030208 0.129630
0 22 0.527604 0.663889 0.052083 0.192593
0 23 0.538802 0.664815 0.038021 0.187037
0 24 0.567187 0.661111 0.036458 0.174074
0 25 0.546354 0.631019 0.031250 0.162037
0 26 0.646615 0.622222 0.035937 0.157407
0 27 0.649479 0.617593 0.031250 0.151852
0 28 0.607031 0.695370 0.046354 0.174074
0 29 0.639062 0.705093 0.034375 0.134259
0 30 0.727865 0.706944 0.051562 0.202778
0 31 0.651042 0.777778 0.046875 0.224074
0 32 0.721615 0.610648 0.029687 0.143519
0 33 0.774479 0.656019 0.045833 0.171296
0 34 0.781510 0.715741 0.053646 0.175926
0 35 0.024219 0.929167 0.047396 0.143519
0 36 0.051823 0.947685 0.057813 0.106481
0 38 0.464323 0.825926 0.058854 0.203704
0 39 0.642708 0.820370 0.069792 0.214815
0 40 0.931771 0.796296 0.064583 0.209259
0 52 0.471615 0.488426 0.030729 0.104630
0 53 0.444271 0.481019 0.032292 0.123148
0 73 0.723698 0.450926 0.024479 0.087037
0 74 0.745313 0.445833 0.030208 0.089815
