0 1 0.243229 0.778241 0.063542 0.234259
0 2 0.297656 0.779167 0.054688 0.228704
0 3 0.347396 0.755093 0.041667 0.204630
0 5 0.327083 0.877315 0.061458 0.247222
0 6 0.392448 0.874074 0.058854 0.229630
0 7 0.658594 0.674537 0.044271 0.195370
0 8 0.662760 0.675000 0.036979 0.194444
0 9 0.802604 0.537037 0.028125 0.092593
0 10 0.645052 0.659259 0.034896 0.181481
0 11 0.845313 0.704630 0.047917 0.187037
0 12 0.760938 0.750926 0.044792 0.207407
0 13 0.701823 0.756481 0.047396 0.207407
0 14 0.833594 0.691204 0.042188 0.184259
0 15 0.446875 0.538889 0.023958 0.109259
0 16 0.475000 0.525926 0.031250 0.127778
0 17 0.432292 0.563426 0.027083 0.128704
0 18 0.493490 0.550000 0.031771 0.124074
0 19 0.500000 0.528241 0.026042 0.121296
0 20 0.545312 0.529630 0.031250 0.125926
0 21 0.521354 0.549074 0.030208 0.129630
0 22 0.490885 0.649074 0.043229 0.183333
0 23 0.509375 0.649074 0.036458 0.174074
0 24 0.546094 0.643981 0.033854 0.162037
0 25 0.564844 0.618519 0.031771 0.153704
0 26 0.602344 0.618519 0.034896 0.157407
0 27 0.602604 0.604630 0.030208 0.140741
0 28 0.556510 0.683796 0.044271 0.169444
0 29 0.584896 0.699074 0.028125 0.129630
0 30 0.657813 0.699537 0.040625 0.195370
0 31 0.654167 0.753704 0.044792 0.218519
0 32 0.673958 0.605093 0.029167 0.143519
0 33 0.737500 0.649537 0.037500 0.167593
0 34 0.711719 0.709722 0.043229 0.162037
0 35 0.015625 0.945370 0.030208 0.111111
0 36 0.051302 0.963889 0.050521 0.074074
0 38 0.595573 0.834259 0.054688 0.203704
0 39 0.764062 0.818519 0.059375 0.214815
0 52 0.455469 0.486574 0.033854 0.104630
0 53 0.415625 0.482870 0.033333 0.126852
0 73 0.716146 0.461111 0.026042 0.090741
0 74 0.736198 0.461574 0.029687 0.089815
