0 1 0.257292 0.726389 0.054167 0.210185
0 2 0.322396 0.725926 0.050000 0.218519
0 3 0.380208 0.710648 0.039583 0.191667
0 5 0.277865 0.901852 0.065104 0.196296
0 6 0.344010 0.908796 0.063021 0.182407
0 7 0.584375 0.647685 0.041667 0.191667
0 8 0.592708 0.644907 0.034375 0.178704
0 9 0.789323 0.529630 0.025521 0.092593
0 10 0.619792 0.651852 0.035417 0.181481
0 11 0.930469 0.717593 0.045312 0.192593
0 12 0.740365 0.790278 0.042188 0.226852
0 13 0.696354 0.796759 0.047917 0.228704
0 14 0.904427 0.704167 0.051562 0.195370
0 15 0.451823 0.543519 0.023438 0.112963
0 16 0.473958 0.533796 0.030208 0.139815
0 17 0.431771 0.573148 0.030208 0.135185
0 18 0.505208 0.559722 0.033333 0.137963
0 19 0.503385 0.532870 0.025521 0.121296
0 20 0.533594 0.540278 0.031771 0.136111
0 21 0.534896 0.555556 0.030208 0.129630
0 22 0.552865 0.673148 0.046354 0.190741
0 23 0.566406 0.670370 0.043229 0.185185
0 24 0.588021 0.669907 0.037500 0.173148
0 25 0.536458 0.640741 0.037500 0.168519
0 26 0.676562 0.625000 0.036458 0.157407
0 27 0.676042 0.622222 0.031250 0.151852
0 28 0.650781 0.701389 0.046354 0.173148
0 29 0.669792 0.714352 0.033333 0.134259
0 30 0.769792 0.709259 0.056250 0.198148
0 31 0.642969 0.794444 0.046354 0.235185
0 32 0.743750 0.624074 0.038542 0.166667
0 33 0.796615 0.667593 0.042188 0.181481
0 34 0.821354 0.718519 0.054167 0.175926
0 35 0.027344 0.919907 0.053646 0.162037
0 36 0.063542 0.935185 0.052083 0.129630
0 38 0.396094 0.821296 0.052604 0.203704
0 39 0.577604 0.817593 0.058333 0.218519
0 40 0.871354 0.787037 0.057292 0.209259
0 42 0.951562 0.763889 0.048958 0.218519
0 43 0.945312 0.758796 0.039583 0.200926
0 52 0.482812 0.489815 0.045833 0.107407
0 53 0.454167 0.483796 0.032292 0.123148
0 54 0.383854 0.479630 0.028125 0.124074
0 56 0.388281 0.482407 0.026562 0.090741
0 73 0.726302 0.449074 0.023438 0.083333
0 74 0.747396 0.444907 0.028125 0.089815
