0 1 0.248698 0.765741 0.063021 0.220370
0 2 0.303646 0.769907 0.052083 0.232407
0 3 0.355729 0.748611 0.041667 0.204630
0 5 0.318229 0.883333 0.061458 0.235185
0 6 0.378646 0.887963 0.060417 0.224074
0 7 0.637500 0.666667 0.044792 0.194444
0 8 0.645312 0.664352 0.039583 0.191667
0 9 0.797656 0.532407 0.026562 0.092593
0 10 0.639583 0.655556 0.035417 0.181481
0 11 0.861458 0.710648 0.047917 0.195370
0 12 0.755208 0.757870 0.045833 0.213889
0 13 0.704427 0.762037 0.048438 0.207407
0 14 0.842969 0.690741 0.042188 0.185185
0 15 0.447917 0.539352 0.023958 0.110185
0 16 0.475000 0.527778 0.031250 0.131481
0 17 0.430729 0.564352 0.027083 0.130556
0 18 0.495573 0.550926 0.031771 0.127778
0 19 0.498958 0.531019 0.026042 0.121296
0 20 0.545052 0.530093 0.031771 0.128704
0 21 0.524479 0.548148 0.030208 0.129630
0 22 0.504167 0.656019 0.054167 0.184259
0 23 0.517188 0.656019 0.036458 0.175000
0 24 0.553125 0.649074 0.034375 0.168519
0 25 0.560937 0.621759 0.032292 0.156481
0 26 0.610938 0.622222 0.034375 0.157407
0 27 0.618229 0.612963 0.031250 0.151852
0 28 0.572135 0.689352 0.044271 0.171296
0 29 0.599219 0.703241 0.033854 0.132407
0 30 0.677865 0.704630 0.042188 0.196296
0 31 0.652604 0.760185 0.046875 0.224074
0 32 0.691927 0.606944 0.029687 0.143519
0 33 0.755208 0.647685 0.038542 0.167593
0 34 0.741146 0.706019 0.039583 0.165741
0 35 0.018750 0.943519 0.036458 0.114815
0 36 0.048698 0.958333 0.055729 0.085185
0 38 0.546354 0.826852 0.057292 0.203704
0 39 0.722656 0.816667 0.056771 0.214815
0 52 0.463021 0.489352 0.032292 0.104630
0 53 0.427083 0.481481 0.033333 0.124074
0 73 0.720313 0.454630 0.026042 0.090741
0 74 0.739583 0.455093 0.030208 0.089815
