0 1 0.242708 0.781019 0.063542 0.234259
0 2 0.298438 0.781019 0.055208 0.226852
0 3 0.347135 0.757407 0.042188 0.205556
0 5 0.328646 0.876389 0.061458 0.249074
0 6 0.392708 0.872222 0.058333 0.229630
0 7 0.661719 0.675463 0.044271 0.195370
0 8 0.665885 0.677778 0.036979 0.194444
0 9 0.803646 0.537963 0.028125 0.092593
0 10 0.645573 0.661111 0.034896 0.181481
0 11 0.843750 0.704630 0.046875 0.187037
0 12 0.762760 0.750463 0.045312 0.206481
0 13 0.700260 0.756019 0.046354 0.206481
0 14 0.833333 0.690278 0.041667 0.184259
0 15 0.446875 0.538426 0.023958 0.108333
0 16 0.475521 0.526389 0.031250 0.126852
0 17 0.432812 0.563426 0.027083 0.128704
0 18 0.492708 0.550000 0.031250 0.124074
0 19 0.500000 0.528241 0.026042 0.121296
0 20 0.545052 0.529630 0.031771 0.125926
0 21 0.520833 0.550000 0.030208 0.129630
0 22 0.489844 0.647685 0.044271 0.182407
0 23 0.508333 0.647222 0.036458 0.174074
0 24 0.545052 0.642593 0.033854 0.161111
0 25 0.566406 0.618981 0.031771 0.154630
0 26 0.600781 0.618519 0.034896 0.157407
0 27 0.601042 0.604167 0.030208 0.137963
0 28 0.553906 0.682407 0.044271 0.168519
0 29 0.583073 0.698148 0.028646 0.129630
0 30 0.654687 0.698148 0.040625 0.194444
0 31 0.654948 0.753241 0.044271 0.217593
0 32 0.670833 0.605093 0.029167 0.143519
0 33 0.734375 0.650463 0.037500 0.167593
0 34 0.705208 0.709259 0.043750 0.161111
0 35 0.015104 0.945833 0.029167 0.110185
0 36 0.051042 0.965278 0.048958 0.071296
0 38 0.604688 0.835185 0.051042 0.203704
0 39 0.773438 0.817130 0.054167 0.213889
0 52 0.454948 0.486574 0.036979 0.104630
0 53 0.413542 0.483333 0.033333 0.127778
0 73 0.715625 0.462037 0.026042 0.090741
0 74 0.735677 0.462500 0.029687 0.089815
