0 1 0.259635 0.724537 0.054688 0.210185
0 2 0.324479 0.723611 0.050000 0.217593
0 3 0.381771 0.707407 0.039583 0.190741
0 5 0.274219 0.903704 0.066146 0.192593
0 6 0.340365 0.911111 0.063021 0.177778
0 7 0.580729 0.646296 0.041667 0.190741
0 8 0.588802 0.643519 0.033854 0.179630
0 9 0.789323 0.528704 0.025521 0.092593
0 10 0.618750 0.651852 0.037500 0.181481
0 11 0.940365 0.720370 0.042188 0.192593
0 12 0.738542 0.795833 0.042708 0.226852
0 13 0.694792 0.799537 0.047917 0.230556
0 14 0.912760 0.705556 0.055729 0.194444
0 15 0.451823 0.545370 0.023438 0.112963
0 16 0.474479 0.534722 0.030208 0.139815
0 17 0.432292 0.573611 0.030208 0.136111
0 18 0.506250 0.559722 0.033333 0.137963
0 19 0.503906 0.533333 0.025521 0.122222
0 20 0.532813 0.541667 0.032292 0.137037
0 21 0.535417 0.555556 0.030208 0.129630
0 22 0.557031 0.676852 0.048438 0.194444
0 23 0.573177 0.671296 0.042188 0.187037
0 24 0.593490 0.672685 0.036979 0.173148
0 25 0.535156 0.644907 0.040104 0.171296
0 26 0.681250 0.625926 0.036458 0.157407
0 27 0.682813 0.624074 0.031250 0.151852
0 28 0.659115 0.703241 0.045312 0.175000
0 29 0.677604 0.717130 0.033333 0.134259
0 30 0.776563 0.710185 0.056250 0.198148
0 31 0.641667 0.796759 0.046875 0.236111
0 32 0.747396 0.626852 0.039583 0.170370
0 33 0.800521 0.670370 0.042708 0.183333
0 34 0.830990 0.718519 0.056771 0.175926
0 35 0.027865 0.918519 0.054688 0.164815
0 36 0.066406 0.933333 0.052604 0.133333
0 38 0.391406 0.822685 0.052604 0.204630
0 39 0.565885 0.815741 0.047396 0.220370
0 40 0.859115 0.785185 0.058854 0.209259
0 42 0.940365 0.762963 0.058854 0.218519
0 43 0.936458 0.757407 0.040625 0.201852
0 52 0.485938 0.490278 0.052083 0.108333
0 53 0.456771 0.484722 0.032292 0.123148
0 54 0.385937 0.480556 0.028125 0.124074
0 56 0.391667 0.482407 0.026042 0.090741
0 73 0.726562 0.449074 0.022917 0.083333
0 74 0.747396 0.444907 0.028125 0.089815
