0 1 0.251823 0.736574 0.054688 0.206481
0 2 0.318490 0.736574 0.050521 0.225000
0 3 0.376042 0.717130 0.039583 0.193519
0 5 0.289323 0.897685 0.064062 0.204630
0 6 0.353125 0.902778 0.063542 0.192593
0 7 0.593750 0.650926 0.041667 0.192593
0 8 0.603125 0.647685 0.036458 0.176852
0 9 0.790365 0.529630 0.025521 0.092593
0 10 0.622917 0.652315 0.030208 0.182407
0 11 0.914844 0.715741 0.052604 0.192593
0 12 0.742708 0.782407 0.041667 0.224074
0 13 0.699479 0.788426 0.047917 0.223148
0 14 0.888021 0.701852 0.047917 0.194444
0 15 0.450781 0.541667 0.023438 0.111111
0 16 0.472656 0.532870 0.029687 0.139815
0 17 0.429688 0.569907 0.030208 0.134259
0 18 0.503646 0.560648 0.033333 0.136111
0 19 0.502344 0.532870 0.025521 0.121296
0 20 0.535677 0.536574 0.031771 0.134259
0 21 0.533333 0.555556 0.030208 0.129630
0 22 0.542448 0.668981 0.038021 0.197222
0 23 0.552344 0.668519 0.051562 0.185185
0 24 0.575781 0.663889 0.038021 0.174074
0 25 0.540365 0.632870 0.031771 0.162037
0 26 0.663021 0.622222 0.036458 0.157407
0 27 0.658073 0.618519 0.031771 0.151852
0 28 0.629167 0.698611 0.046875 0.173148
0 29 0.654948 0.708796 0.033854 0.134259
0 30 0.751042 0.706944 0.055208 0.199074
0 31 0.646615 0.787963 0.046354 0.231481
0 32 0.733854 0.616204 0.033333 0.152778
0 33 0.786458 0.660185 0.042708 0.177778
0 34 0.800000 0.716667 0.041667 0.175926
0 35 0.026302 0.923611 0.051562 0.154630
0 36 0.058073 0.941204 0.054688 0.119444
0 38 0.431771 0.826852 0.055208 0.203704
0 39 0.606510 0.818519 0.055729 0.220370
0 40 0.895052 0.789352 0.058854 0.210185
0 42 0.973437 0.765741 0.046875 0.212963
0 52 0.475000 0.487963 0.028125 0.103704
0 53 0.448958 0.481944 0.032292 0.123148
0 54 0.379167 0.475463 0.030208 0.123148
0 73 0.725000 0.450000 0.023958 0.085185
0 74 0.747135 0.443056 0.028646 0.089815
