0 1 0.266146 0.719907 0.054167 0.210185
0 2 0.331250 0.718519 0.050000 0.218519
0 3 0.389583 0.701389 0.039583 0.189815
0 5 0.264323 0.909259 0.069271 0.181481
0 6 0.333594 0.916204 0.059896 0.167593
0 7 0.571354 0.643056 0.041667 0.189815
0 8 0.579688 0.642130 0.033333 0.182407
0 9 0.789844 0.527315 0.025521 0.093519
0 10 0.619531 0.651852 0.038021 0.181481
0 12 0.735938 0.806944 0.043750 0.228704
0 13 0.689583 0.808333 0.047917 0.233333
0 14 0.935156 0.708333 0.061979 0.192593
0 15 0.452865 0.550926 0.023438 0.112963
0 16 0.476302 0.535648 0.030729 0.139815
0 17 0.433854 0.576852 0.030208 0.137037
0 18 0.511719 0.563426 0.033854 0.137963
0 19 0.503906 0.539352 0.025521 0.126852
0 20 0.530729 0.544907 0.032292 0.139815
0 21 0.538542 0.559259 0.030208 0.129630
0 22 0.568490 0.687037 0.054688 0.203704
0 23 0.588542 0.679167 0.042708 0.189815
0 24 0.610156 0.678241 0.035937 0.173148
0 25 0.536719 0.645833 0.033854 0.175000
0 26 0.694792 0.628704 0.036458 0.157407
0 27 0.700781 0.628704 0.030729 0.151852
0 28 0.681250 0.707407 0.043750 0.175926
0 29 0.698958 0.721296 0.033333 0.135185
0 30 0.795052 0.712963 0.056771 0.198148
0 31 0.638021 0.807407 0.046875 0.242593
0 32 0.755729 0.632407 0.039583 0.170370
0 33 0.810937 0.679630 0.042708 0.187037
0 34 0.856771 0.719907 0.059375 0.176852
0 35 0.030990 0.913889 0.056771 0.172222
0 36 0.073177 0.928241 0.053646 0.143519
0 38 0.362760 0.821296 0.049479 0.203704
0 39 0.537500 0.823611 0.068750 0.221296
0 40 0.829688 0.780093 0.053125 0.210185
0 42 0.915885 0.759722 0.046354 0.212037
0 43 0.911979 0.757870 0.043750 0.199074
0 44 0.951042 0.752315 0.036458 0.186111
0 52 0.489063 0.494444 0.058333 0.109259
0 53 0.464062 0.487500 0.032292 0.123148
0 54 0.391927 0.482407 0.027604 0.124074
0 56 0.401562 0.482407 0.025000 0.090741
0 57 0.385937 0.473611 0.026042 0.104630
0 71 0.389062 0.475000 0.025000 0.112963
0 73 0.730208 0.446759 0.021875 0.080556
0 74 0.748437 0.446759 0.028125 0.089815
