0 1 0.245833 0.757407 0.059375 0.220370
0 2 0.309635 0.763889 0.049479 0.231481
0 3 0.363021 0.740278 0.041667 0.204630
0 5 0.311458 0.887037 0.061458 0.227778
0 6 0.371875 0.891667 0.061458 0.216667
0 7 0.621875 0.661574 0.044792 0.193519
0 8 0.635417 0.658796 0.042708 0.187963
0 9 0.794010 0.529630 0.025521 0.092593
0 10 0.635417 0.653704 0.035417 0.181481
0 11 0.870573 0.712037 0.052604 0.190741
0 12 0.753646 0.764352 0.044792 0.221296
0 13 0.703125 0.767593 0.047917 0.214815
0 14 0.853385 0.693056 0.044271 0.187963
0 15 0.448958 0.539352 0.023958 0.110185
0 16 0.474740 0.528704 0.031771 0.133333
0 17 0.429688 0.564815 0.027083 0.131481
0 18 0.496875 0.552778 0.031250 0.131481
0 19 0.498958 0.532870 0.026042 0.121296
0 20 0.544010 0.531019 0.031771 0.130556
0 21 0.526563 0.549074 0.030208 0.129630
0 22 0.516146 0.656944 0.045833 0.186111
0 23 0.523698 0.659259 0.035937 0.175926
0 24 0.560156 0.651852 0.035937 0.168519
0 25 0.555990 0.624537 0.031771 0.160185
0 26 0.625521 0.622222 0.035417 0.157407
0 27 0.632292 0.617593 0.031250 0.151852
0 28 0.584375 0.691204 0.044792 0.173148
0 29 0.615885 0.704167 0.035937 0.134259
0 30 0.696354 0.705556 0.045833 0.196296
0 31 0.653646 0.766667 0.046875 0.224074
0 32 0.703906 0.608796 0.029687 0.143519
0 33 0.765365 0.650463 0.039062 0.167593
0 34 0.758594 0.712037 0.048438 0.170370
0 35 0.021094 0.938426 0.041146 0.125000
0 36 0.047135 0.954630 0.058854 0.092593
0 38 0.514062 0.826852 0.050000 0.203704
0 39 0.691927 0.818981 0.057813 0.217593
0 40 0.970313 0.806944 0.041667 0.210185
0 52 0.464583 0.489352 0.032292 0.104630
0 53 0.434896 0.481019 0.032292 0.123148
0 73 0.722135 0.452315 0.025521 0.089815
0 74 0.742188 0.451389 0.030208 0.089815
