0 1 0.261198 0.723611 0.054688 0.210185
0 2 0.326042 0.722222 0.050000 0.218519
0 3 0.383854 0.705556 0.039583 0.190741
0 5 0.271615 0.905093 0.067187 0.189815
0 6 0.338281 0.912500 0.063021 0.175000
0 7 0.578646 0.645370 0.041667 0.190741
0 8 0.586719 0.643519 0.033854 0.179630
0 9 0.789323 0.528704 0.025521 0.092593
0 10 0.618490 0.651852 0.038021 0.181481
0 11 0.946875 0.722222 0.039583 0.192593
0 12 0.737500 0.800000 0.042708 0.227778
0 13 0.693750 0.801852 0.047917 0.231481
0 14 0.918229 0.706019 0.058333 0.193519
0 15 0.452344 0.546296 0.023438 0.112963
0 16 0.475000 0.534722 0.030208 0.139815
0 17 0.432812 0.574537 0.030208 0.136111
0 18 0.507552 0.560648 0.033854 0.137963
0 19 0.503906 0.534722 0.025521 0.123148
0 20 0.532292 0.542130 0.032292 0.137963
0 21 0.535937 0.556481 0.030208 0.129630
0 22 0.559896 0.679167 0.050000 0.197222
0 23 0.577344 0.671759 0.041146 0.187963
0 24 0.597396 0.674537 0.036458 0.173148
0 25 0.534896 0.644907 0.037500 0.173148
0 26 0.684896 0.626852 0.036458 0.157407
0 27 0.687500 0.625000 0.031250 0.151852
0 28 0.664583 0.704167 0.044792 0.175000
0 29 0.682813 0.718056 0.033333 0.134259
0 30 0.780990 0.711111 0.056771 0.198148
0 31 0.640625 0.798148 0.046875 0.237037
0 32 0.749479 0.628704 0.039583 0.170370
0 33 0.803125 0.672685 0.042708 0.184259
0 34 0.837240 0.718981 0.057813 0.176852
0 35 0.028125 0.917593 0.055208 0.166667
0 36 0.067969 0.931944 0.052604 0.136111
0 38 0.383594 0.821759 0.047396 0.204630
0 39 0.558854 0.817593 0.054167 0.220370
0 40 0.851042 0.784259 0.060417 0.209259
0 42 0.933073 0.762963 0.065104 0.218519
0 43 0.930729 0.757407 0.040625 0.201852
0 52 0.487240 0.490741 0.054688 0.109259
0 53 0.458854 0.484722 0.032292 0.123148
0 54 0.387240 0.480556 0.027604 0.124074
0 56 0.394271 0.482407 0.026042 0.090741
0 71 0.383333 0.471296 0.025000 0.112963
0 73 0.726823 0.448611 0.023438 0.082407
0 74 0.747917 0.445833 0.028125 0.089815
