0 1 0.247656 0.769907 0.063021 0.225000
0 2 0.302344 0.771759 0.052604 0.232407
0 3 0.353646 0.751389 0.041667 0.204630
0 5 0.320312 0.882870 0.061458 0.236111
0 6 0.380469 0.887037 0.059896 0.225926
0 7 0.641406 0.668056 0.044271 0.195370
0 8 0.647656 0.665741 0.039062 0.192593
0 9 0.798438 0.533333 0.027083 0.092593
0 10 0.640625 0.655556 0.035417 0.181481
0 11 0.858854 0.709722 0.047917 0.193519
0 12 0.755469 0.756019 0.045312 0.212037
0 13 0.704427 0.761111 0.048438 0.207407
0 14 0.840885 0.690741 0.042188 0.185185
0 15 0.447396 0.539352 0.023958 0.110185
0 16 0.475000 0.527315 0.031250 0.130556
0 17 0.430729 0.563889 0.027083 0.129630
0 18 0.495312 0.550926 0.031250 0.127778
0 19 0.498958 0.531019 0.026042 0.121296
0 20 0.545312 0.529630 0.031250 0.127778
0 21 0.523958 0.547222 0.030208 0.129630
0 22 0.501042 0.656481 0.056250 0.183333
0 23 0.515625 0.655556 0.036458 0.174074
0 24 0.551302 0.649074 0.033854 0.168519
0 25 0.561458 0.621759 0.032292 0.154630
0 26 0.609375 0.621296 0.034375 0.157407
0 27 0.614062 0.611111 0.031250 0.151852
0 28 0.569271 0.689352 0.043750 0.171296
0 29 0.596094 0.702315 0.032813 0.132407
0 30 0.674219 0.705093 0.041146 0.197222
0 31 0.652604 0.759259 0.046875 0.224074
0 32 0.688802 0.606944 0.029687 0.143519
0 33 0.752604 0.647685 0.038542 0.167593
0 34 0.735938 0.707407 0.038542 0.164815
0 35 0.018229 0.943981 0.035417 0.113889
0 36 0.049219 0.959259 0.054688 0.083333
0 38 0.555469 0.827315 0.044271 0.204630
0 39 0.733333 0.815741 0.060417 0.212963
0 52 0.462500 0.489352 0.032292 0.104630
0 53 0.425000 0.481481 0.033333 0.124074
0 73 0.719792 0.455556 0.026042 0.090741
0 74 0.739062 0.456019 0.030208 0.089815
