0 1 0.276562 0.704630 0.054167 0.207407
0 2 0.339323 0.705093 0.050521 0.217593
0 3 0.401562 0.695370 0.036458 0.188889
0 5 0.241667 0.920833 0.071875 0.160185
0 6 0.322656 0.926852 0.053646 0.144444
0 7 0.553125 0.634722 0.041667 0.186111
0 8 0.569531 0.636574 0.033854 0.189815
0 9 0.791146 0.524537 0.026042 0.093519
0 10 0.623177 0.651852 0.038021 0.181481
0 12 0.737240 0.830093 0.046354 0.239815
0 13 0.684635 0.827315 0.057813 0.236111
0 15 0.454948 0.558333 0.023438 0.112963
0 16 0.481771 0.542130 0.031250 0.145370
0 17 0.439323 0.586574 0.029687 0.137963
0 18 0.523698 0.571759 0.029687 0.143519
0 19 0.504687 0.550000 0.026042 0.135185
0 20 0.532813 0.547222 0.030208 0.140741
0 21 0.549219 0.565741 0.031771 0.129630
0 22 0.604427 0.695370 0.052604 0.201852
0 23 0.629687 0.687037 0.044792 0.190741
0 24 0.653646 0.681944 0.037500 0.173148
0 25 0.555990 0.661574 0.039062 0.175000
0 26 0.720833 0.633333 0.036458 0.157407
0 27 0.736458 0.636111 0.030208 0.151852
0 28 0.730208 0.711574 0.046875 0.180556
0 29 0.748437 0.724537 0.033333 0.139815
0 30 0.841927 0.714352 0.060937 0.199074
0 31 0.628646 0.829167 0.048958 0.252778
0 32 0.772917 0.638889 0.040625 0.170370
0 33 0.836979 0.686111 0.046875 0.188889
0 34 0.908594 0.724537 0.048438 0.180556
0 35 0.047917 0.904167 0.057292 0.191667
0 36 0.091927 0.918519 0.054688 0.162963
0 37 0.036198 0.975000 0.047396 0.051852
0 38 0.308073 0.821296 0.054688 0.203704
0 39 0.475521 0.828704 0.059375 0.220370
0 40 0.780990 0.768056 0.036979 0.210185
0 41 0.970573 0.758796 0.042188 0.204630
0 42 0.863281 0.755093 0.045312 0.212037
0 43 0.865625 0.751852 0.044792 0.196296
0 44 0.897656 0.745833 0.038021 0.180556
0 52 0.502083 0.504167 0.035417 0.106481
0 53 0.475000 0.492130 0.032292 0.123148
0 54 0.404948 0.489352 0.033854 0.123148
0 56 0.415104 0.485185 0.026042 0.090741
0 57 0.400521 0.476852 0.025000 0.101852
0 71 0.404687 0.482870 0.025000 0.112037
0 73 0.741146 0.441667 0.018750 0.074074
0 74 0.750521 0.446296 0.028125 0.088889
