0 1 0.241406 0.789352 0.063021 0.234259
0 2 0.296615 0.796296 0.054688 0.244444
0 3 0.347656 0.765278 0.044271 0.210185
0 5 0.334635 0.868981 0.058854 0.245370
0 6 0.396354 0.867593 0.058333 0.227778
0 7 0.672656 0.680093 0.044271 0.195370
0 8 0.675521 0.684259 0.036458 0.196296
0 9 0.804688 0.542593 0.028125 0.092593
0 10 0.647396 0.665741 0.034375 0.181481
0 11 0.840885 0.705093 0.041146 0.187963
0 12 0.760677 0.749537 0.044271 0.204630
0 13 0.695052 0.754167 0.042188 0.206481
0 14 0.832812 0.687500 0.040625 0.184259
0 15 0.446615 0.537963 0.023438 0.107407
0 16 0.475260 0.526389 0.030729 0.126852
0 17 0.433854 0.563426 0.027083 0.128704
0 18 0.490885 0.550926 0.030729 0.124074
0 19 0.500000 0.527315 0.026042 0.121296
0 20 0.544010 0.530556 0.031771 0.125926
0 21 0.519271 0.551852 0.030208 0.129630
0 22 0.484635 0.644907 0.044271 0.182407
0 23 0.506250 0.643981 0.036458 0.173148
0 24 0.541927 0.639352 0.033854 0.156481
0 25 0.568229 0.618981 0.032292 0.154630
0 26 0.596875 0.617130 0.035417 0.156481
0 27 0.595833 0.600463 0.029167 0.128704
0 28 0.549219 0.680556 0.044271 0.168519
0 29 0.578125 0.697222 0.031250 0.129630
0 30 0.645833 0.697685 0.040625 0.193519
0 31 0.651302 0.751389 0.045312 0.213889
0 32 0.661979 0.604167 0.029167 0.143519
0 33 0.725260 0.652778 0.036979 0.168519
0 34 0.689844 0.708333 0.041146 0.166667
0 35 0.013542 0.947685 0.026042 0.104630
0 36 0.048438 0.970833 0.043750 0.060185
0 38 0.634375 0.838426 0.060417 0.204630
0 39 0.798177 0.824537 0.064062 0.212037
0 52 0.448698 0.487500 0.031771 0.104630
0 53 0.408073 0.483796 0.030729 0.128704
0 73 0.713542 0.465741 0.026042 0.090741
0 74 0.734115 0.466204 0.029687 0.089815
