0 1 0.245573 0.748611 0.058854 0.221296
0 2 0.312240 0.758796 0.049479 0.232407
0 3 0.365104 0.733333 0.040625 0.203704
0 5 0.306771 0.889352 0.061458 0.223148
0 6 0.367708 0.893981 0.061458 0.212037
0 7 0.614323 0.658796 0.044271 0.193519
0 8 0.627865 0.656019 0.041146 0.184259
0 9 0.792969 0.529630 0.025521 0.092593
0 10 0.632552 0.653241 0.034896 0.182407
0 11 0.876302 0.712500 0.055729 0.187963
0 12 0.750000 0.768981 0.043750 0.221296
0 13 0.702604 0.772685 0.047917 0.217593
0 14 0.861458 0.696296 0.046875 0.190741
0 15 0.449479 0.539352 0.023958 0.110185
0 16 0.474740 0.529167 0.031771 0.134259
0 17 0.429427 0.565741 0.027604 0.131481
0 18 0.497917 0.553704 0.031250 0.133333
0 19 0.500000 0.532870 0.026042 0.121296
0 20 0.543490 0.531481 0.031771 0.131481
0 21 0.528646 0.550926 0.030208 0.129630
0 22 0.518490 0.659259 0.046354 0.188889
0 23 0.529687 0.661574 0.036458 0.180556
0 24 0.562760 0.655556 0.035937 0.170370
0 25 0.551562 0.627778 0.031250 0.161111
0 26 0.631510 0.624074 0.035937 0.157407
0 27 0.640104 0.617593 0.031250 0.151852
0 28 0.592969 0.692593 0.045312 0.174074
0 29 0.626042 0.704630 0.036458 0.135185
0 30 0.709375 0.706019 0.047917 0.200926
0 31 0.654167 0.771296 0.046875 0.224074
0 32 0.711198 0.609722 0.029687 0.143519
0 33 0.769271 0.652315 0.041667 0.169444
0 34 0.769271 0.712963 0.048958 0.174074
0 35 0.022396 0.934722 0.043750 0.132407
0 36 0.046875 0.952315 0.060417 0.097222
0 38 0.491927 0.825926 0.063021 0.203704
0 39 0.672396 0.818056 0.058333 0.217593
0 40 0.952344 0.803241 0.054688 0.210185
0 52 0.468229 0.489352 0.032292 0.104630
0 53 0.439063 0.481019 0.032292 0.123148
0 73 0.722656 0.451852 0.025521 0.088889
0 74 0.743229 0.448611 0.030208 0.089815
