0 1 0.284115 0.698148 0.054688 0.207407
0 2 0.342448 0.694444 0.049479 0.214815
0 3 0.410156 0.685185 0.035937 0.185185
0 5 0.227604 0.930556 0.075000 0.140741
0 6 0.314323 0.937037 0.054688 0.127778
0 7 0.541146 0.626852 0.041667 0.183333
0 8 0.564063 0.626852 0.034375 0.181481
0 9 0.792188 0.522685 0.026042 0.093519
0 10 0.624219 0.649074 0.038021 0.181481
0 12 0.734375 0.840741 0.046875 0.242593
0 13 0.684635 0.837500 0.054688 0.245370
0 15 0.457031 0.560185 0.023438 0.112963
0 16 0.485417 0.543981 0.031250 0.145370
0 17 0.445052 0.590278 0.029687 0.139815
0 18 0.531771 0.574537 0.030208 0.143519
0 19 0.509635 0.548148 0.025521 0.135185
0 20 0.534375 0.548148 0.028125 0.140741
0 21 0.558333 0.569444 0.033333 0.133333
0 22 0.636979 0.700000 0.047917 0.203704
0 23 0.662240 0.690741 0.043229 0.190741
0 24 0.686458 0.686574 0.040625 0.173148
0 25 0.578906 0.663889 0.040104 0.175926
0 26 0.740104 0.643056 0.036458 0.165741
0 27 0.759375 0.639815 0.030208 0.151852
0 28 0.766146 0.712037 0.061458 0.185185
0 29 0.785156 0.723148 0.033854 0.140741
0 30 0.876563 0.714352 0.061458 0.199074
0 31 0.620052 0.840741 0.052604 0.257407
0 32 0.790625 0.643056 0.040625 0.171296
0 33 0.858854 0.691667 0.045833 0.194444
0 34 0.948958 0.724537 0.055208 0.176852
0 35 0.060156 0.897222 0.057813 0.203704
0 36 0.108073 0.912963 0.054688 0.175926
0 37 0.052604 0.963889 0.054167 0.072222
0 38 0.272656 0.817593 0.063021 0.203704
0 39 0.438542 0.829630 0.067708 0.224074
0 40 0.746615 0.761574 0.052604 0.210185
0 41 0.938542 0.755556 0.057292 0.201852
0 42 0.834115 0.751852 0.050521 0.209259
0 43 0.832812 0.749074 0.043750 0.196296
0 44 0.869531 0.744444 0.047396 0.174074
0 45 0.963802 0.784722 0.038021 0.137963
0 52 0.509115 0.503241 0.031771 0.106481
0 53 0.481771 0.496759 0.032292 0.123148
0 54 0.409635 0.492593 0.030729 0.125926
0 55 0.830729 0.560185 0.031250 0.140741
0 56 0.432292 0.487963 0.026042 0.090741
0 57 0.413802 0.476852 0.025521 0.101852
0 71 0.416667 0.485648 0.025000 0.112037
0 73 0.743750 0.437963 0.018750 0.074074
0 74 0.752865 0.439815 0.027604 0.087037
