0 1 0.279687 0.701852 0.054167 0.207407
0 2 0.340625 0.701389 0.051042 0.217593
0 3 0.403646 0.692130 0.035417 0.189815
0 5 0.236198 0.925000 0.072396 0.151852
0 6 0.319531 0.930556 0.054688 0.138889
0 7 0.548958 0.631944 0.041667 0.184259
0 8 0.567448 0.633333 0.033854 0.187037
0 9 0.791667 0.524074 0.026042 0.092593
0 10 0.624219 0.651852 0.038021 0.181481
0 12 0.735938 0.833333 0.045833 0.240741
0 13 0.684635 0.831019 0.056771 0.239815
0 15 0.455990 0.559259 0.023438 0.112963
0 16 0.482552 0.544907 0.030729 0.143519
0 17 0.442448 0.588426 0.029687 0.137963
0 18 0.526563 0.572685 0.030208 0.143519
0 19 0.506771 0.550000 0.026042 0.135185
0 20 0.533333 0.548148 0.029167 0.140741
0 21 0.552865 0.566667 0.032813 0.129630
0 22 0.615885 0.697685 0.054688 0.202778
0 23 0.640365 0.688889 0.044271 0.190741
0 24 0.665104 0.683796 0.038542 0.173148
0 25 0.562760 0.663889 0.040104 0.175926
0 26 0.727604 0.636111 0.036458 0.159259
0 27 0.744792 0.637037 0.030208 0.151852
0 28 0.744271 0.711574 0.054167 0.182407
0 29 0.761719 0.725000 0.033854 0.140741
0 30 0.854427 0.714352 0.060937 0.199074
0 31 0.626563 0.834722 0.050000 0.254630
0 32 0.779167 0.640741 0.040625 0.170370
0 33 0.844010 0.687963 0.046354 0.190741
0 34 0.923177 0.724537 0.047396 0.180556
0 35 0.052344 0.901852 0.057813 0.196296
0 36 0.098437 0.917130 0.055208 0.167593
0 37 0.041146 0.972222 0.054167 0.057407
0 38 0.302865 0.819907 0.048438 0.204630
0 39 0.457031 0.828241 0.052604 0.226852
0 40 0.766927 0.765278 0.049479 0.210185
0 41 0.959115 0.757407 0.049479 0.203704
0 42 0.852083 0.754630 0.057292 0.209259
0 43 0.854688 0.749074 0.043750 0.196296
0 44 0.890104 0.747685 0.038542 0.178704
0 52 0.505729 0.503241 0.031250 0.106481
0 53 0.477604 0.493981 0.032292 0.123148
0 54 0.406510 0.489815 0.032813 0.124074
0 56 0.419271 0.485185 0.026042 0.090741
0 57 0.405208 0.476852 0.025000 0.101852
0 71 0.409375 0.483796 0.025000 0.112037
0 73 0.742188 0.440741 0.018750 0.074074
0 74 0.751563 0.443981 0.028125 0.087963
