0 1 0.263542 0.721759 0.054167 0.210185
0 2 0.328646 0.720370 0.050000 0.218519
0 3 0.386979 0.702778 0.039583 0.190741
0 5 0.267969 0.907407 0.068229 0.185185
0 6 0.335677 0.914352 0.061979 0.171296
0 7 0.575000 0.643981 0.041667 0.189815
0 8 0.582812 0.642593 0.033333 0.181481
0 9 0.789844 0.527778 0.025521 0.092593
0 10 0.619010 0.651852 0.038021 0.181481
0 12 0.735938 0.806019 0.043750 0.228704
0 13 0.691667 0.805093 0.047917 0.232407
0 14 0.926562 0.707407 0.062500 0.192593
0 15 0.452344 0.549074 0.023438 0.112963
0 16 0.475781 0.534722 0.030729 0.139815
0 17 0.433333 0.575926 0.030208 0.137037
0 18 0.509635 0.562500 0.033854 0.137963
0 19 0.503906 0.537037 0.025521 0.124074
0 20 0.531771 0.543519 0.032292 0.138889
0 21 0.537500 0.557407 0.030208 0.129630
0 22 0.564323 0.683333 0.052604 0.200000
0 23 0.583333 0.674537 0.040625 0.189815
0 24 0.602865 0.677315 0.035937 0.173148
0 25 0.535677 0.645370 0.034896 0.174074
0 26 0.689583 0.627778 0.036458 0.157407
0 27 0.694010 0.626852 0.030729 0.151852
0 28 0.672656 0.706481 0.044271 0.175926
0 29 0.690625 0.720833 0.033333 0.134259
0 30 0.787760 0.712037 0.056771 0.198148
0 31 0.639583 0.801852 0.046875 0.238889
0 32 0.752604 0.630556 0.039583 0.170370
0 33 0.806771 0.675926 0.042708 0.185185
0 34 0.847135 0.718981 0.059896 0.176852
0 35 0.028646 0.916204 0.056250 0.169444
0 36 0.070312 0.930093 0.053125 0.139815
0 38 0.372396 0.821296 0.043750 0.203704
0 39 0.548698 0.822222 0.065104 0.220370
0 40 0.839583 0.782870 0.059375 0.210185
0 42 0.926823 0.763889 0.056771 0.212963
0 43 0.921094 0.757407 0.042188 0.200000
0 44 0.962500 0.754630 0.036458 0.187037
0 52 0.488021 0.492593 0.056250 0.109259
0 53 0.461979 0.486574 0.032292 0.123148
0 54 0.389323 0.481481 0.027604 0.124074
0 56 0.397656 0.482407 0.025521 0.090741
0 57 0.383333 0.472685 0.026042 0.104630
0 71 0.386458 0.473148 0.025000 0.112963
0 73 0.727604 0.448611 0.022917 0.082407
0 74 0.747917 0.445833 0.028125 0.089815
