0 1 0.255729 0.728241 0.054167 0.210185
0 2 0.321354 0.728241 0.050000 0.219444
0 3 0.379688 0.712963 0.039583 0.192593
0 5 0.280729 0.900926 0.064583 0.198148
0 6 0.346354 0.906944 0.063542 0.184259
0 7 0.586979 0.648611 0.041667 0.191667
0 8 0.595052 0.645370 0.034896 0.177778
0 9 0.789323 0.529630 0.025521 0.092593
0 10 0.620573 0.651852 0.033854 0.181481
0 11 0.923698 0.715741 0.047396 0.192593
0 12 0.741146 0.787037 0.041667 0.225926
0 13 0.697396 0.794444 0.047917 0.227778
0 14 0.898958 0.703704 0.048958 0.196296
0 15 0.451302 0.542593 0.023438 0.112963
0 16 0.473438 0.533796 0.030208 0.139815
0 17 0.431250 0.572222 0.030208 0.135185
0 18 0.504687 0.560185 0.033333 0.137037
0 19 0.502865 0.532870 0.025521 0.121296
0 20 0.534115 0.539352 0.031771 0.136111
0 21 0.534375 0.555556 0.030208 0.129630
0 22 0.550260 0.671759 0.044271 0.191667
0 23 0.562240 0.669907 0.044271 0.184259
0 24 0.584375 0.668056 0.037500 0.173148
0 25 0.537500 0.638889 0.035417 0.166667
0 26 0.672917 0.624074 0.036458 0.157407
0 27 0.671615 0.621296 0.031771 0.151852
0 28 0.645573 0.700463 0.046354 0.173148
0 29 0.665365 0.713426 0.033854 0.134259
0 30 0.765365 0.708333 0.056771 0.198148
0 31 0.643750 0.792593 0.046875 0.233333
0 32 0.741406 0.622222 0.036979 0.162963
0 33 0.794010 0.665278 0.042188 0.180556
0 34 0.815625 0.717593 0.051042 0.175926
0 35 0.027083 0.920833 0.053125 0.160185
0 36 0.062240 0.937037 0.052604 0.127778
0 38 0.399740 0.821296 0.052604 0.203704
0 39 0.585938 0.818981 0.065625 0.217593
0 40 0.879687 0.787963 0.056250 0.209259
0 42 0.958073 0.764352 0.046354 0.217593
0 43 0.951302 0.759722 0.039062 0.200926
0 52 0.480990 0.489352 0.041146 0.106481
0 53 0.452083 0.482870 0.032292 0.123148
0 54 0.382812 0.479630 0.028125 0.124074
0 56 0.385677 0.482407 0.026562 0.090741
0 73 0.725781 0.449537 0.023438 0.084259
0 74 0.747396 0.443056 0.028125 0.089815
