0 1 0.245573 0.751852 0.058854 0.220370
0 2 0.311979 0.762037 0.048958 0.231481
0 3 0.364323 0.737037 0.041146 0.203704
0 5 0.309115 0.888426 0.060937 0.225000
0 6 0.369271 0.893056 0.061458 0.213889
0 7 0.616667 0.659722 0.044792 0.193519
0 8 0.630990 0.656944 0.042188 0.186111
0 9 0.792969 0.529630 0.025521 0.092593
0 10 0.633854 0.653241 0.035417 0.182407
0 11 0.873958 0.712037 0.054167 0.188889
0 12 0.751302 0.767130 0.044271 0.221296
0 13 0.702604 0.769907 0.047917 0.217593
0 14 0.858333 0.694907 0.045833 0.189815
0 15 0.449479 0.539352 0.023958 0.110185
0 16 0.474740 0.529167 0.031771 0.134259
0 17 0.429427 0.565278 0.027604 0.132407
0 18 0.497396 0.553241 0.031250 0.132407
0 19 0.499479 0.532870 0.026042 0.121296
0 20 0.543490 0.531481 0.031771 0.131481
0 21 0.527604 0.550000 0.030208 0.129630
0 22 0.516146 0.657870 0.044792 0.187963
0 23 0.527344 0.660648 0.035937 0.178704
0 24 0.561719 0.653704 0.035937 0.170370
0 25 0.553385 0.626389 0.031771 0.160185
0 26 0.629167 0.623148 0.035417 0.157407
0 27 0.636979 0.617593 0.031250 0.151852
0 28 0.589063 0.692593 0.044792 0.174074
0 29 0.622135 0.704167 0.035937 0.134259
0 30 0.704167 0.706019 0.046875 0.199074
0 31 0.654167 0.769444 0.046875 0.224074
0 32 0.708073 0.608796 0.029687 0.143519
0 33 0.767708 0.651852 0.040625 0.168519
0 34 0.765365 0.712500 0.047396 0.173148
0 35 0.021875 0.936111 0.042708 0.129630
0 36 0.046354 0.953241 0.060417 0.095370
0 38 0.499219 0.826852 0.059896 0.203704
0 39 0.681250 0.817130 0.053125 0.219444
0 40 0.959635 0.804167 0.049479 0.210185
0 52 0.466667 0.489352 0.032292 0.104630
0 53 0.437500 0.481019 0.032292 0.123148
0 73 0.722396 0.451852 0.025000 0.088889
0 74 0.742708 0.449537 0.030208 0.089815
