0 1 0.248698 0.739352 0.056771 0.212037
0 2 0.315625 0.744907 0.051042 0.230556
0 3 0.369271 0.721759 0.039583 0.193519
0 5 0.297135 0.894444 0.063021 0.211111
0 6 0.358854 0.899537 0.062500 0.200926
0 7 0.601562 0.653704 0.042708 0.192593
0 8 0.611458 0.650000 0.037500 0.177778
0 9 0.791406 0.529630 0.025521 0.092593
0 10 0.626563 0.653241 0.031250 0.182407
0 11 0.900781 0.714352 0.054688 0.189815
0 12 0.744531 0.777778 0.042188 0.222222
0 13 0.701042 0.783333 0.047917 0.220370
0 14 0.878385 0.700463 0.048438 0.193519
0 15 0.450781 0.541204 0.023438 0.110185
0 16 0.473698 0.531019 0.030729 0.137963
0 17 0.429427 0.568519 0.029687 0.133333
0 18 0.501302 0.558333 0.032813 0.135185
0 19 0.501302 0.532870 0.025521 0.121296
0 20 0.537240 0.534259 0.031771 0.131481
0 21 0.532292 0.555556 0.030208 0.129630
0 22 0.529948 0.666204 0.053646 0.195370
0 23 0.543490 0.665741 0.044271 0.187037
0 24 0.570052 0.662037 0.036979 0.174074
0 25 0.544010 0.632407 0.031771 0.161111
0 26 0.653646 0.621296 0.036458 0.157407
0 27 0.651302 0.617593 0.031771 0.151852
0 28 0.613021 0.696759 0.046875 0.173148
0 29 0.644531 0.705093 0.033854 0.134259
0 30 0.735677 0.706944 0.052604 0.200926
0 31 0.650000 0.780556 0.046875 0.224074
0 32 0.726302 0.610648 0.029687 0.143519
0 33 0.778125 0.656944 0.044792 0.173148
0 34 0.783073 0.716667 0.056771 0.175926
0 35 0.025000 0.926852 0.048958 0.148148
0 36 0.053906 0.945370 0.056771 0.111111
0 38 0.449740 0.826852 0.054688 0.203704
0 39 0.634635 0.818519 0.059896 0.212963
0 40 0.919792 0.792593 0.053125 0.209259
0 52 0.472656 0.487963 0.029687 0.103704
0 53 0.445833 0.481019 0.032292 0.123148
0 73 0.724219 0.450926 0.024479 0.087037
0 74 0.746354 0.443981 0.030208 0.089815
