0 1 0.249740 0.736574 0.054688 0.206481
0 2 0.317448 0.739352 0.050521 0.226852
0 3 0.373958 0.718981 0.039583 0.193519
0 5 0.291927 0.896759 0.064062 0.206481
0 6 0.354948 0.901389 0.063021 0.195370
0 7 0.596354 0.651852 0.041667 0.192593
0 8 0.605729 0.648148 0.036458 0.175926
0 9 0.790365 0.529630 0.025521 0.092593
0 10 0.623958 0.653241 0.030208 0.182407
0 11 0.911198 0.715278 0.053646 0.191667
0 12 0.743490 0.780556 0.042188 0.224074
0 13 0.700000 0.786111 0.047917 0.222222
0 14 0.884635 0.701389 0.048438 0.195370
0 15 0.450781 0.541667 0.023438 0.111111
0 16 0.472917 0.532407 0.030208 0.138889
0 17 0.429688 0.569907 0.030208 0.134259
0 18 0.503125 0.560185 0.033333 0.135185
0 19 0.501823 0.532870 0.025521 0.121296
0 20 0.536198 0.535648 0.031771 0.132407
0 21 0.532813 0.555556 0.030208 0.129630
0 22 0.537500 0.667593 0.044792 0.196296
0 23 0.549740 0.667593 0.051562 0.187037
0 24 0.573958 0.663889 0.037500 0.174074
0 25 0.541406 0.634722 0.031771 0.162037
0 26 0.659896 0.622222 0.036458 0.157407
0 27 0.653906 0.617593 0.031771 0.151852
0 28 0.623698 0.697685 0.046354 0.173148
0 29 0.651823 0.707870 0.033854 0.134259
0 30 0.745833 0.707407 0.054167 0.200000
0 31 0.647917 0.784722 0.046875 0.226852
0 32 0.731510 0.614352 0.031771 0.149074
0 33 0.783594 0.659259 0.043229 0.175926
0 34 0.794271 0.716667 0.046875 0.175926
0 35 0.026042 0.924537 0.051042 0.152778
0 36 0.056771 0.942593 0.055208 0.116667
0 38 0.437500 0.826852 0.055208 0.203704
0 39 0.615625 0.818056 0.057292 0.217593
0 40 0.903385 0.789352 0.047396 0.210185
0 52 0.474219 0.487963 0.028646 0.103704
0 53 0.447917 0.481019 0.032292 0.123148
0 54 0.378125 0.474074 0.031250 0.122222
0 73 0.724740 0.450463 0.024479 0.086111
0 74 0.746875 0.443056 0.029167 0.089815
