0 1 0.248698 0.740278 0.056771 0.213889
0 2 0.315104 0.746296 0.051042 0.231481
0 3 0.368750 0.722222 0.039583 0.194444
0 5 0.298177 0.893981 0.063021 0.212037
0 6 0.359635 0.898611 0.061979 0.202778
0 7 0.602604 0.654630 0.042708 0.192593
0 8 0.613281 0.650463 0.038021 0.178704
0 9 0.791406 0.529630 0.025521 0.092593
0 10 0.627083 0.653241 0.031250 0.182407
0 11 0.898177 0.714352 0.054688 0.189815
0 12 0.744792 0.776852 0.041667 0.222222
0 13 0.701042 0.782407 0.047917 0.220370
0 14 0.876563 0.700000 0.048958 0.194444
0 15 0.450781 0.541204 0.023438 0.110185
0 16 0.473698 0.531019 0.030729 0.137963
0 17 0.429427 0.568056 0.029687 0.134259
0 18 0.501042 0.557407 0.032292 0.135185
0 19 0.501302 0.532870 0.025521 0.121296
0 20 0.537760 0.533333 0.031771 0.131481
0 21 0.532292 0.555556 0.030208 0.129630
0 22 0.529427 0.665741 0.053646 0.194444
0 23 0.541927 0.665741 0.042188 0.187037
0 24 0.569271 0.662037 0.036458 0.174074
0 25 0.544792 0.631944 0.031250 0.162037
0 26 0.651042 0.621296 0.036458 0.157407
0 27 0.650521 0.617593 0.031250 0.151852
0 28 0.610938 0.695833 0.046875 0.173148
0 29 0.642708 0.705093 0.034375 0.134259
0 30 0.732812 0.707407 0.052083 0.201852
0 31 0.650521 0.779630 0.046875 0.224074
0 32 0.724740 0.610648 0.029687 0.143519
0 33 0.776823 0.656481 0.045312 0.172222
0 34 0.782552 0.715741 0.055729 0.175926
0 35 0.024740 0.927778 0.048438 0.146296
0 36 0.053125 0.946296 0.057292 0.109259
0 38 0.454427 0.825926 0.055729 0.203704
0 39 0.637240 0.818981 0.063021 0.213889
0 40 0.923698 0.793519 0.056771 0.209259
0 52 0.472396 0.488426 0.030208 0.104630
0 53 0.445312 0.481019 0.032292 0.123148
0 73 0.723958 0.450926 0.025000 0.087037
0 74 0.746354 0.444907 0.030208 0.089815
