0 1 0.246094 0.761111 0.059896 0.220370
0 2 0.308073 0.765741 0.050521 0.231481
0 3 0.361979 0.741204 0.041667 0.204630
0 5 0.313281 0.886111 0.060937 0.229630
0 6 0.373437 0.890741 0.061458 0.218519
0 7 0.625781 0.662963 0.044271 0.194444
0 8 0.638021 0.660185 0.041667 0.188889
0 9 0.794792 0.530556 0.026042 0.092593
0 10 0.636458 0.653704 0.035417 0.181481
0 11 0.868229 0.711574 0.051042 0.191667
0 12 0.753906 0.762500 0.045312 0.219444
0 13 0.703646 0.766204 0.047917 0.212037
0 14 0.849740 0.691667 0.043229 0.187037
0 15 0.448437 0.539352 0.023958 0.110185
0 16 0.474740 0.528241 0.031771 0.132407
0 17 0.429688 0.564352 0.027083 0.130556
0 18 0.496615 0.552315 0.031771 0.130556
0 19 0.498958 0.532870 0.026042 0.121296
0 20 0.544271 0.530556 0.031250 0.129630
0 21 0.526042 0.549074 0.030208 0.129630
0 22 0.514844 0.656481 0.048438 0.185185
0 23 0.521875 0.658333 0.036458 0.175926
0 24 0.558333 0.650926 0.035417 0.168519
0 25 0.557552 0.623148 0.031771 0.159259
0 26 0.623177 0.621296 0.034896 0.157407
0 27 0.629167 0.617593 0.031250 0.151852
0 28 0.581250 0.691204 0.044792 0.173148
0 29 0.611719 0.703704 0.034896 0.133333
0 30 0.691146 0.705093 0.044792 0.195370
0 31 0.653646 0.764815 0.046875 0.224074
0 32 0.700781 0.607870 0.029687 0.143519
0 33 0.763542 0.649537 0.038542 0.167593
0 34 0.753906 0.711574 0.049479 0.169444
0 35 0.020573 0.940278 0.040104 0.121296
0 36 0.047396 0.955556 0.058333 0.090741
0 38 0.522917 0.826852 0.050000 0.203704
0 39 0.697917 0.821759 0.065625 0.215741
0 40 0.972656 0.805556 0.042188 0.214815
0 52 0.464062 0.489352 0.032292 0.104630
0 53 0.432812 0.481019 0.032292 0.123148
0 73 0.721615 0.452778 0.025521 0.090741
0 74 0.741146 0.452315 0.030208 0.089815
