0 1 0.246615 0.776389 0.063021 0.232407
0 2 0.300000 0.773611 0.053125 0.232407
0 3 0.351042 0.754167 0.041667 0.204630
0 5 0.322396 0.881019 0.061458 0.239815
0 6 0.383073 0.885648 0.058854 0.228704
0 7 0.647135 0.669907 0.044271 0.195370
0 8 0.651563 0.668056 0.037500 0.193519
0 9 0.799479 0.534259 0.027083 0.092593
0 10 0.642188 0.656481 0.035417 0.181481
0 11 0.854688 0.707870 0.047917 0.191667
0 12 0.755990 0.753241 0.044271 0.210185
0 13 0.703906 0.760185 0.048438 0.207407
0 14 0.838281 0.691204 0.042188 0.184259
0 15 0.447396 0.539352 0.023958 0.110185
0 16 0.475000 0.526852 0.031250 0.129630
0 17 0.431250 0.563889 0.027083 0.129630
0 18 0.495052 0.550000 0.031771 0.125926
0 19 0.499479 0.530093 0.026042 0.121296
0 20 0.545833 0.529167 0.031250 0.126852
0 21 0.523438 0.547222 0.030208 0.129630
0 22 0.497656 0.653704 0.052604 0.183333
0 23 0.513021 0.654630 0.036458 0.174074
0 24 0.549740 0.647685 0.033854 0.167593
0 25 0.561979 0.621296 0.032292 0.153704
0 26 0.607292 0.620370 0.034375 0.157407
0 27 0.608854 0.609259 0.031250 0.151852
0 28 0.565104 0.687037 0.043750 0.170370
0 29 0.592708 0.700926 0.031250 0.131481
0 30 0.668490 0.705093 0.040104 0.199074
0 31 0.652865 0.757407 0.046354 0.222222
0 32 0.684375 0.606944 0.029167 0.143519
0 33 0.748437 0.646759 0.038542 0.167593
0 34 0.727083 0.713426 0.041667 0.163889
0 35 0.017448 0.944444 0.033854 0.112963
0 36 0.049740 0.960648 0.053646 0.080556
0 38 0.571615 0.828241 0.049479 0.204630
0 39 0.743750 0.816667 0.065625 0.214815
0 52 0.462500 0.489352 0.032292 0.104630
0 53 0.422396 0.481944 0.033333 0.125000
0 73 0.718750 0.457407 0.026042 0.090741
0 74 0.738021 0.456944 0.030208 0.089815
