0 1 0.274479 0.706481 0.054167 0.207407
0 2 0.338542 0.707870 0.050000 0.217593
0 3 0.400781 0.695833 0.038021 0.187963
0 5 0.246354 0.918981 0.071875 0.163889
0 6 0.325000 0.924074 0.054167 0.150000
0 7 0.556250 0.637037 0.041667 0.187037
0 8 0.571354 0.638426 0.033333 0.189815
0 9 0.790885 0.525463 0.025521 0.093519
0 10 0.622656 0.651852 0.038021 0.181481
0 12 0.738281 0.828241 0.046354 0.239815
0 13 0.684896 0.823611 0.057292 0.234259
0 14 0.969792 0.712037 0.059375 0.192593
0 15 0.454427 0.557407 0.023438 0.112963
0 16 0.480729 0.540741 0.031250 0.144444
0 17 0.437240 0.584722 0.029687 0.137963
0 18 0.521354 0.569907 0.031250 0.141667
0 19 0.504167 0.549074 0.026042 0.133333
0 20 0.532031 0.547222 0.030729 0.140741
0 21 0.546354 0.564815 0.031250 0.129630
0 22 0.598958 0.692593 0.044792 0.201852
0 23 0.621875 0.686111 0.044792 0.190741
0 24 0.645052 0.680556 0.036979 0.174074
0 25 0.551042 0.659722 0.038542 0.175000
0 26 0.716146 0.632407 0.036458 0.157407
0 27 0.730208 0.635185 0.030208 0.151852
0 28 0.720313 0.711111 0.043750 0.179630
0 29 0.739062 0.723611 0.033333 0.137963
0 30 0.832552 0.714352 0.060937 0.199074
0 31 0.630469 0.825463 0.048438 0.250926
0 32 0.769531 0.638889 0.040104 0.170370
0 33 0.831771 0.685185 0.046875 0.187037
0 34 0.900000 0.725000 0.058333 0.177778
0 35 0.044792 0.906019 0.057292 0.187963
0 36 0.087240 0.920370 0.054688 0.159259
0 37 0.032813 0.976852 0.042708 0.048148
0 38 0.317448 0.819907 0.052604 0.204630
0 39 0.488281 0.829630 0.071354 0.220370
0 40 0.790365 0.771296 0.052604 0.209259
0 41 0.979427 0.759722 0.036979 0.206481
0 42 0.874740 0.757407 0.046354 0.212963
0 43 0.873958 0.754167 0.045833 0.195370
0 44 0.903646 0.744907 0.037500 0.182407
0 52 0.499479 0.505093 0.038542 0.106481
0 53 0.472917 0.491204 0.032292 0.123148
0 54 0.402344 0.487500 0.031771 0.123148
0 56 0.411979 0.484259 0.026042 0.090741
0 57 0.397396 0.476852 0.025000 0.101852
0 71 0.401562 0.481944 0.025000 0.112037
0 73 0.740625 0.442593 0.018750 0.074074
0 74 0.750000 0.447685 0.028125 0.089815
