0 1 0.275000 0.705556 0.054167 0.207407
0 2 0.338802 0.706944 0.050521 0.217593
0 3 0.401042 0.695833 0.037500 0.187963
0 5 0.244792 0.919444 0.071875 0.162963
0 6 0.324219 0.925000 0.053646 0.148148
0 7 0.555208 0.636111 0.041667 0.187037
0 8 0.570833 0.637963 0.033333 0.190741
0 9 0.791146 0.525000 0.026042 0.092593
0 10 0.622656 0.651852 0.038021 0.181481
0 12 0.737760 0.828241 0.046354 0.239815
0 13 0.684896 0.825463 0.058333 0.234259
0 14 0.970052 0.712037 0.058854 0.192593
0 15 0.454948 0.558333 0.023438 0.112963
0 16 0.480729 0.540741 0.031250 0.144444
0 17 0.437760 0.585648 0.029687 0.137963
0 18 0.522135 0.570833 0.030729 0.141667
0 19 0.504167 0.549537 0.026042 0.134259
0 20 0.532292 0.547222 0.030208 0.140741
0 21 0.547396 0.564815 0.031250 0.129630
0 22 0.600260 0.693519 0.047396 0.201852
0 23 0.624479 0.686111 0.044792 0.190741
0 24 0.647917 0.681019 0.037500 0.173148
0 25 0.552604 0.660648 0.038542 0.175000
0 26 0.717708 0.632407 0.036458 0.157407
0 27 0.732292 0.635185 0.030208 0.151852
0 28 0.723437 0.712037 0.043750 0.179630
0 29 0.742188 0.724074 0.033333 0.138889
0 30 0.835677 0.714352 0.060937 0.199074
0 31 0.629948 0.826852 0.048438 0.251852
0 32 0.770833 0.638889 0.040625 0.170370
0 33 0.833333 0.685185 0.046875 0.187037
0 34 0.902865 0.724537 0.054688 0.178704
0 35 0.045833 0.905556 0.057292 0.188889
0 36 0.088802 0.919907 0.054688 0.160185
0 37 0.033854 0.976389 0.044792 0.049074
0 38 0.314063 0.820370 0.053125 0.203704
0 39 0.483854 0.828704 0.067708 0.220370
0 40 0.787240 0.770370 0.047396 0.209259
0 41 0.976562 0.759259 0.038542 0.205556
0 42 0.871094 0.755556 0.043229 0.212963
0 43 0.871354 0.753704 0.045833 0.196296
0 44 0.901563 0.745370 0.037500 0.181481
0 52 0.500521 0.504167 0.037500 0.106481
0 53 0.473438 0.491204 0.032292 0.123148
0 54 0.403125 0.487963 0.032292 0.124074
0 56 0.413021 0.485185 0.026042 0.090741
0 57 0.398438 0.476852 0.025000 0.101852
0 71 0.402604 0.481944 0.025000 0.112037
0 73 0.741146 0.442593 0.018750 0.074074
0 74 0.750521 0.447222 0.028125 0.088889
