0 1 0.262760 0.721759 0.054688 0.210185
0 2 0.327604 0.720833 0.050000 0.217593
0 3 0.385937 0.703704 0.039583 0.190741
0 5 0.269271 0.906481 0.067708 0.187037
0 6 0.336458 0.913889 0.062500 0.172222
0 7 0.576042 0.644907 0.041667 0.189815
0 8 0.584115 0.643056 0.033854 0.180556
0 9 0.789583 0.527778 0.026042 0.092593
0 10 0.619010 0.651852 0.038021 0.181481
0 12 0.736198 0.803704 0.043229 0.227778
0 13 0.692187 0.804167 0.047917 0.232407
0 14 0.923698 0.706481 0.060937 0.192593
0 15 0.452344 0.548148 0.023438 0.112963
0 16 0.475260 0.534722 0.030729 0.139815
0 17 0.432812 0.575463 0.030208 0.136111
0 18 0.508854 0.561574 0.033333 0.137963
0 19 0.503906 0.536111 0.025521 0.124074
0 20 0.531771 0.543519 0.032292 0.138889
0 21 0.536979 0.557407 0.030208 0.129630
0 22 0.562760 0.681944 0.051562 0.199074
0 23 0.582031 0.672685 0.040104 0.189815
0 24 0.601042 0.676389 0.036458 0.173148
0 25 0.535417 0.645370 0.035417 0.174074
0 26 0.688021 0.626852 0.036458 0.157407
0 27 0.691927 0.625926 0.030729 0.151852
0 28 0.670052 0.705556 0.044271 0.175926
0 29 0.688021 0.719907 0.033333 0.134259
0 30 0.785677 0.711111 0.056771 0.198148
0 31 0.640104 0.800463 0.046875 0.237963
0 32 0.751563 0.629630 0.039583 0.170370
0 33 0.805729 0.675000 0.042708 0.185185
0 34 0.843750 0.718981 0.059375 0.176852
0 35 0.028385 0.916667 0.055729 0.168519
0 36 0.069792 0.930556 0.053125 0.138889
0 38 0.375781 0.821296 0.042188 0.203704
0 39 0.552083 0.820370 0.061458 0.220370
0 40 0.843229 0.784259 0.061458 0.209259
0 42 0.928646 0.762963 0.059375 0.214815
0 43 0.924479 0.756944 0.041667 0.200926
0 52 0.487760 0.491667 0.055729 0.109259
0 53 0.460938 0.485648 0.032292 0.123148
0 54 0.388802 0.481481 0.027604 0.124074
0 56 0.396615 0.482407 0.025521 0.090741
0 57 0.382292 0.472685 0.026042 0.104630
0 71 0.385417 0.472685 0.025000 0.112037
0 73 0.727083 0.448611 0.022917 0.082407
0 74 0.747917 0.445833 0.028125 0.089815
