0 1 0.273958 0.706481 0.054167 0.207407
0 2 0.338281 0.708796 0.050521 0.217593
0 3 0.400521 0.696296 0.038542 0.187037
0 5 0.247656 0.918056 0.071354 0.165741
0 6 0.325781 0.923148 0.053646 0.151852
0 7 0.557292 0.637500 0.041667 0.187963
0 8 0.571875 0.638426 0.033333 0.189815
0 9 0.790885 0.525463 0.025521 0.093519
0 10 0.622135 0.651852 0.038021 0.181481
0 12 0.737760 0.825463 0.046354 0.237963
0 13 0.685156 0.822685 0.056771 0.234259
0 14 0.969792 0.712037 0.060417 0.192593
0 15 0.454427 0.557407 0.023438 0.112963
0 16 0.480208 0.540278 0.031250 0.143519
0 17 0.436198 0.584722 0.029687 0.137963
0 18 0.520573 0.569444 0.031771 0.140741
0 19 0.504167 0.548148 0.026042 0.133333
0 20 0.532031 0.547222 0.030729 0.140741
0 21 0.545573 0.563889 0.030729 0.129630
0 22 0.597656 0.691667 0.042188 0.201852
0 23 0.619271 0.685185 0.044792 0.190741
0 24 0.642188 0.680556 0.036458 0.174074
0 25 0.549219 0.658796 0.038021 0.175000
0 26 0.714583 0.632407 0.036458 0.157407
0 27 0.728125 0.635185 0.030208 0.151852
0 28 0.717187 0.711111 0.043750 0.179630
0 29 0.735938 0.722685 0.033333 0.137963
0 30 0.829688 0.715278 0.060417 0.199074
0 31 0.631250 0.824537 0.047917 0.250926
0 32 0.768490 0.638889 0.040104 0.170370
0 33 0.829948 0.684259 0.046354 0.187037
0 34 0.897396 0.725463 0.061458 0.176852
0 35 0.043750 0.906481 0.057292 0.187037
0 36 0.085677 0.920833 0.054688 0.158333
0 37 0.031510 0.977778 0.041146 0.046296
0 38 0.320573 0.819907 0.051562 0.204630
0 39 0.490625 0.829167 0.068750 0.221296
0 40 0.793490 0.772222 0.057813 0.209259
0 41 0.982552 0.760648 0.034896 0.206481
0 42 0.878646 0.758333 0.050000 0.212963
0 43 0.876823 0.755093 0.046354 0.195370
0 44 0.905729 0.744907 0.037500 0.182407
0 52 0.498958 0.505093 0.039583 0.106481
0 53 0.472396 0.491204 0.032292 0.123148
0 54 0.401823 0.487037 0.030729 0.124074
0 56 0.411198 0.484259 0.025521 0.090741
0 57 0.396615 0.476389 0.025521 0.102778
0 71 0.400521 0.481019 0.025000 0.112037
0 73 0.740625 0.442593 0.018750 0.074074
0 74 0.750000 0.448611 0.028125 0.089815
