0 1 0.241667 0.786574 0.063542 0.234259
0 2 0.296615 0.791667 0.054688 0.240741
0 3 0.347396 0.762500 0.043750 0.208333
0 5 0.332552 0.871296 0.059896 0.246296
0 6 0.395052 0.868981 0.058854 0.228704
0 7 0.668490 0.678241 0.044271 0.195370
0 8 0.672396 0.681944 0.036458 0.195370
0 9 0.804167 0.540741 0.028125 0.092593
0 10 0.646875 0.663889 0.034375 0.181481
0 11 0.841927 0.705093 0.043229 0.187963
0 12 0.761719 0.749537 0.044271 0.204630
0 13 0.696875 0.754630 0.043750 0.207407
0 14 0.833073 0.688426 0.041146 0.184259
0 15 0.446615 0.538426 0.023438 0.108333
0 16 0.475260 0.526389 0.030729 0.126852
0 17 0.433333 0.563426 0.027083 0.128704
0 18 0.491667 0.550000 0.031250 0.124074
0 19 0.500000 0.527315 0.026042 0.121296
0 20 0.544271 0.530556 0.031250 0.125926
0 21 0.519792 0.550926 0.030208 0.129630
0 22 0.486458 0.645833 0.044792 0.182407
0 23 0.506510 0.643981 0.035937 0.173148
0 24 0.542969 0.640278 0.033854 0.158333
0 25 0.568229 0.618981 0.032292 0.154630
0 26 0.597917 0.617593 0.035417 0.157407
0 27 0.597656 0.601852 0.029687 0.131481
0 28 0.550781 0.681481 0.044271 0.168519
0 29 0.579688 0.697685 0.030208 0.128704
0 30 0.648958 0.697685 0.040625 0.193519
0 31 0.652344 0.751852 0.045312 0.214815
0 32 0.665104 0.604167 0.029167 0.143519
0 33 0.728385 0.652315 0.036979 0.167593
0 34 0.693490 0.708333 0.043229 0.164815
0 35 0.014063 0.946296 0.027083 0.107407
0 36 0.049219 0.968981 0.045312 0.063889
0 38 0.626563 0.837963 0.053125 0.203704
0 39 0.790625 0.819907 0.056250 0.212037
0 52 0.451562 0.486574 0.035417 0.104630
0 53 0.409896 0.483796 0.032292 0.128704
0 73 0.714063 0.464815 0.026042 0.090741
0 74 0.734635 0.465278 0.029687 0.089815
