0 1 0.282552 0.699074 0.054688 0.207407
0 2 0.341927 0.696296 0.050521 0.216667
0 3 0.408073 0.687037 0.035937 0.187037
0 5 0.229687 0.929167 0.073958 0.143519
0 6 0.315625 0.935185 0.054167 0.131481
0 7 0.543229 0.628704 0.041667 0.183333
0 8 0.565104 0.628704 0.034375 0.183333
0 9 0.791927 0.523611 0.025521 0.093519
0 10 0.624219 0.650000 0.038021 0.181481
0 12 0.734896 0.837963 0.045833 0.240741
0 13 0.684635 0.835648 0.055729 0.243519
0 15 0.457031 0.560185 0.023438 0.112963
0 16 0.484635 0.544444 0.030729 0.144444
0 17 0.444531 0.589815 0.029687 0.138889
0 18 0.530208 0.573611 0.030208 0.143519
0 19 0.508854 0.549074 0.026042 0.135185
0 20 0.534115 0.548148 0.028646 0.140741
0 21 0.556771 0.568519 0.033333 0.131481
0 22 0.630990 0.699074 0.049479 0.203704
0 23 0.655208 0.690741 0.043750 0.190741
0 24 0.680469 0.685648 0.040104 0.173148
0 25 0.572656 0.662963 0.031771 0.175926
0 26 0.736458 0.641204 0.036458 0.163889
0 27 0.755208 0.638889 0.030208 0.151852
0 28 0.761979 0.712037 0.062500 0.185185
0 29 0.778385 0.724074 0.033854 0.140741
0 30 0.870052 0.714352 0.060937 0.199074
0 31 0.621615 0.838889 0.051562 0.257407
0 32 0.787500 0.642593 0.040625 0.170370
0 33 0.853646 0.690278 0.045833 0.193519
0 34 0.943750 0.724537 0.057292 0.176852
0 35 0.057813 0.898148 0.057292 0.201852
0 36 0.105469 0.914352 0.054688 0.173148
0 37 0.048958 0.965741 0.054167 0.068519
0 38 0.280990 0.817593 0.058854 0.203704
0 39 0.442188 0.828241 0.067708 0.223148
0 40 0.752083 0.762500 0.056250 0.210185
0 41 0.944792 0.756019 0.058333 0.200926
0 42 0.840885 0.751852 0.054688 0.207407
0 43 0.839063 0.749074 0.043750 0.196296
0 44 0.875521 0.745370 0.044792 0.175926
0 45 0.970052 0.786111 0.036979 0.140741
0 52 0.508333 0.503241 0.031250 0.106481
0 53 0.480729 0.495833 0.032292 0.123148
0 54 0.408854 0.492130 0.031250 0.125000
0 55 0.831771 0.559259 0.031250 0.140741
0 56 0.428125 0.487037 0.026042 0.090741
0 57 0.411458 0.476852 0.025000 0.101852
0 71 0.414583 0.485648 0.025000 0.112037
0 73 0.743229 0.438889 0.018750 0.074074
0 74 0.752344 0.440741 0.027604 0.087037
