0 1 0.266667 0.717593 0.054167 0.209259
0 2 0.331771 0.718056 0.050000 0.217593
0 3 0.390104 0.700926 0.039583 0.188889
0 5 0.263021 0.910185 0.069792 0.179630
0 6 0.333073 0.916667 0.059896 0.166667
0 7 0.570312 0.642593 0.041667 0.188889
0 8 0.579167 0.641667 0.033333 0.183333
0 9 0.789844 0.527315 0.025521 0.093519
0 10 0.620052 0.651852 0.038021 0.181481
0 12 0.735938 0.807407 0.043750 0.229630
0 13 0.689063 0.809722 0.047917 0.234259
0 14 0.937760 0.708333 0.061979 0.192593
0 15 0.452865 0.551852 0.023438 0.112963
0 16 0.476823 0.536111 0.030729 0.140741
0 17 0.433854 0.577778 0.030208 0.137037
0 18 0.512240 0.564352 0.033854 0.137963
0 19 0.503906 0.540278 0.025521 0.126852
0 20 0.530729 0.545370 0.032292 0.140741
0 21 0.539062 0.559259 0.030208 0.129630
0 22 0.570052 0.688426 0.055729 0.204630
0 23 0.591146 0.680093 0.042708 0.189815
0 24 0.612760 0.678241 0.035937 0.173148
0 25 0.537240 0.646759 0.033854 0.175000
0 26 0.696354 0.628704 0.036458 0.157407
0 27 0.703385 0.628704 0.030729 0.151852
0 28 0.684375 0.707870 0.043750 0.176852
0 29 0.702083 0.721296 0.033333 0.135185
0 30 0.797917 0.712963 0.057292 0.198148
0 31 0.637500 0.808796 0.046875 0.243519
0 32 0.756771 0.633333 0.039583 0.170370
0 33 0.812240 0.679630 0.043229 0.187037
0 34 0.860156 0.720370 0.057813 0.177778
0 35 0.032031 0.913426 0.056771 0.173148
0 36 0.073698 0.927778 0.053646 0.144444
0 38 0.359375 0.821296 0.051042 0.203704
0 39 0.533073 0.823148 0.065104 0.222222
0 40 0.826302 0.779167 0.050521 0.210185
0 42 0.912240 0.758796 0.043229 0.212037
0 43 0.909115 0.757870 0.044271 0.199074
0 44 0.947135 0.751389 0.036979 0.186111
0 52 0.489323 0.494444 0.058854 0.109259
0 53 0.464583 0.487500 0.032292 0.123148
0 54 0.392448 0.482407 0.027604 0.124074
0 56 0.402083 0.482407 0.025000 0.090741
0 57 0.386719 0.474074 0.025521 0.103704
0 71 0.390104 0.475926 0.025000 0.112963
0 73 0.731250 0.446759 0.021875 0.080556
0 74 0.748437 0.446759 0.028125 0.089815
