0 1 0.246615 0.762963 0.060937 0.220370
0 2 0.306510 0.766667 0.050521 0.231481
0 3 0.360417 0.743056 0.041667 0.204630
0 5 0.314844 0.885185 0.060937 0.231481
0 6 0.375000 0.889815 0.061458 0.220370
0 7 0.629687 0.663889 0.044792 0.194444
0 8 0.640365 0.661574 0.041146 0.189815
0 9 0.795833 0.531481 0.026042 0.092593
0 10 0.637500 0.654630 0.035417 0.181481
0 11 0.866146 0.711574 0.050000 0.193519
0 12 0.754167 0.761111 0.045833 0.216667
0 13 0.703906 0.764352 0.048438 0.210185
0 14 0.846615 0.690741 0.042188 0.185185
0 15 0.448437 0.539352 0.023958 0.110185
0 16 0.474740 0.528241 0.031771 0.132407
0 17 0.430208 0.564352 0.027083 0.130556
0 18 0.496354 0.551852 0.031250 0.129630
0 19 0.498958 0.531944 0.026042 0.121296
0 20 0.544531 0.530556 0.031771 0.129630
0 21 0.525521 0.548148 0.030208 0.129630
0 22 0.511458 0.656481 0.050000 0.185185
0 23 0.520312 0.657407 0.036458 0.175926
0 24 0.556510 0.650000 0.034896 0.168519
0 25 0.559375 0.621759 0.032292 0.158333
0 26 0.619010 0.621296 0.034896 0.157407
0 27 0.625521 0.616667 0.031250 0.151852
0 28 0.578385 0.690278 0.044271 0.173148
0 29 0.607552 0.703704 0.034896 0.133333
0 30 0.685937 0.705093 0.043750 0.193519
0 31 0.653125 0.763889 0.046875 0.224074
0 32 0.697656 0.607870 0.029687 0.143519
0 33 0.760938 0.649537 0.038542 0.167593
0 34 0.749479 0.710648 0.047917 0.167593
0 35 0.020052 0.941667 0.039062 0.118519
0 36 0.047917 0.956481 0.057292 0.088889
0 38 0.530729 0.826852 0.055208 0.203704
0 39 0.704688 0.819444 0.059375 0.216667
0 40 0.977344 0.804167 0.039062 0.215741
0 52 0.463542 0.489352 0.032292 0.104630
0 53 0.430990 0.481019 0.032813 0.123148
0 73 0.721354 0.452778 0.026042 0.090741
0 74 0.740625 0.453241 0.030208 0.089815
