0 1 0.241146 0.790278 0.062500 0.234259
0 2 0.296615 0.797685 0.054688 0.245370
0 3 0.347917 0.767130 0.044792 0.210185
0 5 0.335677 0.868056 0.057813 0.243519
0 6 0.397135 0.867130 0.058854 0.226852
0 7 0.675000 0.681019 0.044792 0.195370
0 8 0.677083 0.685185 0.036458 0.196296
0 9 0.804688 0.543519 0.028125 0.092593
0 10 0.647656 0.666667 0.033854 0.181481
0 11 0.840365 0.705093 0.040104 0.187963
0 12 0.759896 0.749074 0.043750 0.203704
0 13 0.694271 0.753704 0.041667 0.207407
0 14 0.832812 0.687037 0.040625 0.185185
0 15 0.446615 0.537963 0.023438 0.107407
0 16 0.475260 0.526389 0.030729 0.126852
0 17 0.433854 0.563426 0.027083 0.128704
0 18 0.490885 0.550926 0.030729 0.124074
0 19 0.500000 0.527778 0.026042 0.120370
0 20 0.543750 0.530556 0.031250 0.125926
0 21 0.518750 0.552778 0.030208 0.129630
0 22 0.483854 0.644907 0.043750 0.182407
0 23 0.505729 0.643981 0.036458 0.173148
0 24 0.541406 0.638889 0.033854 0.155556
0 25 0.568229 0.618519 0.032292 0.153704
0 26 0.596094 0.616667 0.035937 0.157407
0 27 0.595313 0.600463 0.029167 0.126852
0 28 0.548698 0.680556 0.044271 0.168519
0 29 0.577083 0.696759 0.031250 0.128704
0 30 0.644792 0.698148 0.040625 0.192593
0 31 0.650521 0.750926 0.045833 0.212963
0 32 0.660417 0.604167 0.029167 0.143519
0 33 0.723698 0.653241 0.036979 0.167593
0 34 0.688021 0.707870 0.040625 0.167593
0 35 0.013281 0.948611 0.025521 0.102778
0 36 0.047917 0.971759 0.042708 0.058333
0 38 0.638542 0.839352 0.063542 0.204630
0 39 0.801302 0.824074 0.064062 0.212963
0 52 0.447135 0.488426 0.029687 0.104630
0 53 0.407292 0.483796 0.030208 0.128704
0 73 0.713542 0.466667 0.026042 0.090741
0 74 0.733594 0.467130 0.029687 0.089815
