0 1 0.283854 0.691204 0.055208 0.204630
0 2 0.342708 0.691667 0.047917 0.212963
0 3 0.413542 0.684259 0.036458 0.185185
0 5 0.224479 0.932407 0.077083 0.137037
0 6 0.311719 0.938889 0.056771 0.124074
0 7 0.538021 0.625000 0.041667 0.181481
0 8 0.562500 0.624537 0.034375 0.180556
0 9 0.792188 0.522685 0.026042 0.093519
0 10 0.623958 0.647685 0.037500 0.180556
0 12 0.734375 0.844907 0.047917 0.245370
0 13 0.684896 0.840741 0.054167 0.248148
0 15 0.458073 0.561111 0.023438 0.112963
0 16 0.486979 0.543981 0.031250 0.145370
0 17 0.446094 0.591204 0.029687 0.141667
0 18 0.532813 0.575000 0.031250 0.144444
0 19 0.511198 0.548148 0.025521 0.135185
0 20 0.534635 0.548611 0.028646 0.141667
0 21 0.560677 0.570370 0.033854 0.135185
0 22 0.646354 0.700463 0.045833 0.202778
0 23 0.672396 0.690741 0.042708 0.190741
0 24 0.695833 0.687500 0.041667 0.173148
0 25 0.588542 0.666204 0.052083 0.176852
0 26 0.745313 0.646296 0.036458 0.168519
0 27 0.763281 0.641204 0.030729 0.154630
0 28 0.772656 0.712963 0.058854 0.185185
0 29 0.795052 0.723148 0.033854 0.140741
0 30 0.887500 0.714352 0.061458 0.199074
0 31 0.616927 0.843519 0.053646 0.259259
0 32 0.795833 0.644907 0.040625 0.171296
0 33 0.866406 0.693519 0.046354 0.196296
0 34 0.957552 0.725000 0.051562 0.175926
0 35 0.063281 0.895370 0.057813 0.207407
0 36 0.112760 0.910648 0.054688 0.180556
0 37 0.057292 0.960185 0.054167 0.079630
0 38 0.268490 0.814815 0.056771 0.203704
0 39 0.421615 0.827778 0.064062 0.224074
0 40 0.738802 0.760648 0.047396 0.210185
0 41 0.928125 0.754630 0.048958 0.205556
0 42 0.824479 0.751852 0.044792 0.212963
0 43 0.823438 0.749074 0.043750 0.196296
0 44 0.861198 0.743056 0.049479 0.173148
0 45 0.954427 0.782407 0.041146 0.135185
0 52 0.510677 0.503241 0.032813 0.106481
0 53 0.483854 0.496759 0.032292 0.123148
0 54 0.410938 0.493519 0.030208 0.125926
0 55 0.829167 0.560185 0.031250 0.140741
0 56 0.435156 0.487963 0.025521 0.090741
0 57 0.417448 0.476852 0.025521 0.101852
0 71 0.420312 0.485648 0.025000 0.112037
0 73 0.744271 0.437037 0.018750 0.074074
0 74 0.753385 0.437500 0.027604 0.086111
