0 1 0.258073 0.725463 0.054688 0.210185
0 2 0.322917 0.725000 0.050000 0.218519
0 3 0.380729 0.709259 0.039583 0.190741
0 5 0.276823 0.903241 0.065104 0.195370
0 6 0.342969 0.909722 0.063021 0.180556
0 7 0.583333 0.647222 0.041667 0.190741
0 8 0.591146 0.643981 0.034375 0.178704
0 9 0.789323 0.528704 0.025521 0.092593
0 10 0.619531 0.651852 0.035937 0.181481
0 11 0.933594 0.718519 0.044271 0.192593
0 12 0.739844 0.792130 0.042188 0.226852
0 13 0.696354 0.798148 0.047917 0.229630
0 14 0.907292 0.704630 0.053125 0.194444
0 15 0.451823 0.543519 0.023438 0.112963
0 16 0.473958 0.533796 0.030208 0.139815
0 17 0.431771 0.573148 0.030208 0.135185
0 18 0.505208 0.559722 0.033333 0.137963
0 19 0.503385 0.532870 0.025521 0.121296
0 20 0.533333 0.540741 0.032292 0.137037
0 21 0.534896 0.555556 0.030208 0.129630
0 22 0.554167 0.674074 0.046875 0.192593
0 23 0.568750 0.670833 0.042708 0.186111
0 24 0.589844 0.670833 0.036979 0.173148
0 25 0.535937 0.642130 0.038542 0.169444
0 26 0.678125 0.625000 0.036458 0.157407
0 27 0.678646 0.623148 0.031250 0.151852
0 28 0.653646 0.701852 0.045833 0.174074
0 29 0.672396 0.715278 0.033333 0.134259
0 30 0.772135 0.709259 0.056771 0.198148
0 31 0.642448 0.795370 0.046354 0.235185
0 32 0.745052 0.625000 0.039062 0.168519
0 33 0.797917 0.668519 0.042708 0.181481
0 34 0.824479 0.718519 0.055208 0.175926
0 35 0.027604 0.919444 0.054167 0.162963
0 36 0.064583 0.934722 0.052083 0.130556
0 38 0.394531 0.821759 0.052604 0.204630
0 39 0.573698 0.816667 0.054688 0.218519
0 40 0.867448 0.786111 0.057813 0.209259
0 42 0.947917 0.763889 0.052083 0.218519
0 43 0.942448 0.758333 0.040104 0.201852
0 52 0.483854 0.489815 0.047917 0.107407
0 53 0.455208 0.483796 0.032292 0.123148
0 54 0.384635 0.479630 0.027604 0.124074
0 56 0.389323 0.482407 0.026562 0.090741
0 73 0.726302 0.449074 0.023438 0.083333
0 74 0.747396 0.444907 0.028125 0.089815
