0 1 0.249219 0.737963 0.055729 0.209259
0 2 0.316667 0.742130 0.051042 0.228704
0 3 0.371354 0.719907 0.039583 0.193519
0 5 0.294792 0.895833 0.063542 0.208333
0 6 0.357031 0.900463 0.063021 0.197222
0 7 0.598698 0.652778 0.042188 0.192593
0 8 0.608594 0.649074 0.036979 0.175926
0 9 0.790885 0.529630 0.025521 0.092593
0 10 0.625260 0.653241 0.030729 0.182407
0 11 0.905990 0.714815 0.053646 0.190741
0 12 0.744010 0.779167 0.042188 0.223148
0 13 0.700521 0.784722 0.047917 0.221296
0 14 0.881510 0.700926 0.048438 0.194444
0 15 0.450781 0.541204 0.023438 0.110185
0 16 0.473177 0.531944 0.030729 0.137963
0 17 0.429427 0.568981 0.029687 0.134259
0 18 0.502344 0.559259 0.032813 0.135185
0 19 0.501563 0.532870 0.026042 0.121296
0 20 0.536719 0.534722 0.031771 0.132407
0 21 0.532813 0.555556 0.030208 0.129630
0 22 0.532813 0.667130 0.051042 0.195370
0 23 0.546615 0.666667 0.047396 0.187037
0 24 0.572135 0.662963 0.036979 0.174074
0 25 0.542448 0.633333 0.031771 0.161111
0 26 0.656771 0.621296 0.036458 0.157407
0 27 0.652344 0.617593 0.031771 0.151852
0 28 0.618229 0.696759 0.046875 0.173148
0 29 0.648177 0.706019 0.033854 0.134259
0 30 0.740625 0.706944 0.053125 0.200926
0 31 0.648958 0.782407 0.046875 0.224074
0 32 0.728906 0.612500 0.030729 0.145370
0 33 0.780990 0.657870 0.044271 0.175000
0 34 0.788542 0.716667 0.052083 0.175926
0 35 0.025781 0.925463 0.050521 0.150926
0 36 0.055208 0.943981 0.056250 0.113889
0 38 0.443490 0.826852 0.054688 0.203704
0 39 0.625000 0.818056 0.058333 0.215741
0 40 0.911719 0.790741 0.045312 0.209259
0 52 0.473438 0.487963 0.029167 0.103704
0 53 0.446875 0.481019 0.032292 0.123148
0 54 0.376823 0.472685 0.031771 0.121296
0 73 0.724479 0.450463 0.023958 0.086111
0 74 0.746615 0.443981 0.029687 0.089815
