0 1 0.280208 0.701852 0.054167 0.207407
0 2 0.341146 0.700463 0.051042 0.217593
0 3 0.404427 0.691204 0.035937 0.189815
0 5 0.234896 0.925926 0.072917 0.150000
0 6 0.318750 0.931481 0.054167 0.137037
0 7 0.547917 0.631019 0.041667 0.184259
0 8 0.566927 0.631944 0.033854 0.186111
0 9 0.791667 0.524074 0.026042 0.092593
0 10 0.624219 0.651852 0.038021 0.181481
0 12 0.735938 0.834259 0.045833 0.240741
0 13 0.684635 0.831481 0.056771 0.240741
0 15 0.455990 0.559259 0.023438 0.112963
0 16 0.482552 0.544444 0.030729 0.144444
0 17 0.443490 0.589352 0.029687 0.137963
0 18 0.527344 0.572685 0.029687 0.143519
0 19 0.507031 0.549074 0.025521 0.135185
0 20 0.533333 0.548148 0.029167 0.140741
0 21 0.553646 0.567593 0.033333 0.129630
0 22 0.619010 0.697685 0.053646 0.202778
0 23 0.642969 0.689815 0.044271 0.190741
0 24 0.667969 0.683796 0.039062 0.173148
0 25 0.564583 0.664815 0.040625 0.175926
0 26 0.729688 0.636574 0.036458 0.160185
0 27 0.746875 0.637963 0.030208 0.151852
0 28 0.747656 0.711574 0.055729 0.182407
0 29 0.764844 0.725000 0.033854 0.140741
0 30 0.857552 0.714352 0.060937 0.199074
0 31 0.625260 0.835185 0.050521 0.255556
0 32 0.780729 0.640741 0.040625 0.170370
0 33 0.845833 0.687963 0.045833 0.190741
0 34 0.927604 0.724074 0.050000 0.179630
0 35 0.053646 0.901389 0.057292 0.197222
0 36 0.099479 0.916204 0.055208 0.169444
0 37 0.042708 0.970370 0.054167 0.059259
0 38 0.298177 0.818981 0.050521 0.204630
0 39 0.453385 0.827778 0.057813 0.225926
0 40 0.763281 0.764352 0.055729 0.210185
0 41 0.956250 0.756944 0.051042 0.202778
0 42 0.850260 0.754167 0.057813 0.208333
0 43 0.851562 0.749074 0.043750 0.196296
0 44 0.886979 0.746759 0.039583 0.178704
0 45 0.982812 0.790278 0.033333 0.145370
0 52 0.506771 0.503241 0.030208 0.106481
0 53 0.478125 0.493981 0.032292 0.123148
0 54 0.407031 0.490741 0.032813 0.124074
0 55 0.833854 0.559259 0.031250 0.140741
0 56 0.420312 0.485185 0.026042 0.090741
0 57 0.406510 0.476852 0.025521 0.101852
0 71 0.410417 0.483796 0.025000 0.112037
0 73 0.742188 0.439815 0.018750 0.074074
0 74 0.751563 0.443056 0.028125 0.087963
