0 1 0.252865 0.736574 0.054688 0.206481
0 2 0.319010 0.735185 0.050521 0.224074
0 3 0.377604 0.717130 0.039583 0.193519
0 5 0.287760 0.898148 0.064062 0.203704
0 6 0.352604 0.903704 0.063542 0.190741
0 7 0.592708 0.650463 0.041667 0.191667
0 8 0.601823 0.646759 0.035937 0.176852
0 9 0.790365 0.529630 0.025521 0.092593
0 10 0.622656 0.652315 0.030729 0.182407
0 11 0.915885 0.715741 0.051562 0.192593
0 12 0.742708 0.782870 0.041667 0.225000
0 13 0.698958 0.789815 0.047917 0.224074
0 14 0.889583 0.702315 0.047917 0.195370
0 15 0.451302 0.542130 0.023438 0.112037
0 16 0.472656 0.532870 0.029687 0.139815
0 17 0.430208 0.570370 0.030208 0.135185
0 18 0.503646 0.560648 0.033333 0.136111
0 19 0.502344 0.532870 0.025521 0.121296
0 20 0.535156 0.537037 0.031771 0.133333
0 21 0.533854 0.555556 0.030208 0.129630
0 22 0.543490 0.669444 0.039062 0.196296
0 23 0.553385 0.668981 0.049479 0.184259
0 24 0.576823 0.664815 0.038021 0.174074
0 25 0.540104 0.632870 0.031250 0.162037
0 26 0.665104 0.623148 0.036458 0.157407
0 27 0.660417 0.618519 0.031250 0.151852
0 28 0.631771 0.698611 0.046875 0.173148
0 29 0.657031 0.709722 0.033854 0.134259
0 30 0.753385 0.706944 0.055729 0.199074
0 31 0.646094 0.788426 0.046354 0.232407
0 32 0.735156 0.617130 0.033854 0.154630
0 33 0.787760 0.660648 0.042188 0.178704
0 34 0.803125 0.717130 0.039583 0.176852
0 35 0.026302 0.923148 0.051562 0.155556
0 36 0.058854 0.940741 0.054167 0.120370
0 38 0.426302 0.825926 0.054688 0.203704
0 39 0.603385 0.818981 0.059896 0.219444
0 40 0.890885 0.789352 0.064062 0.210185
0 42 0.970833 0.765278 0.046875 0.213889
0 52 0.475781 0.487963 0.030729 0.103704
0 53 0.449479 0.481944 0.032292 0.123148
0 54 0.379688 0.475926 0.030208 0.122222
0 56 0.379948 0.482407 0.027604 0.090741
0 73 0.725000 0.450000 0.023958 0.085185
0 74 0.747135 0.442130 0.028646 0.089815
