0 1 0.272396 0.706481 0.054167 0.207407
0 2 0.337500 0.711574 0.050000 0.217593
0 3 0.397656 0.697222 0.039062 0.187037
0 5 0.252083 0.915741 0.071875 0.168519
0 6 0.327865 0.921296 0.054688 0.155556
0 7 0.560937 0.639352 0.041667 0.187963
0 8 0.573958 0.639352 0.033333 0.187963
0 9 0.790625 0.525926 0.026042 0.092593
0 10 0.621615 0.651852 0.038021 0.181481
0 12 0.736719 0.817593 0.045312 0.233333
0 13 0.686198 0.818981 0.053646 0.234259
0 14 0.960938 0.711111 0.060417 0.192593
0 15 0.453906 0.557407 0.023438 0.112963
0 16 0.479167 0.538889 0.031250 0.142593
0 17 0.434635 0.582870 0.029687 0.137963
0 18 0.518229 0.568056 0.032292 0.139815
0 19 0.504167 0.546296 0.026042 0.131481
0 20 0.531771 0.546296 0.031250 0.140741
0 21 0.542708 0.562963 0.030208 0.129630
0 22 0.589844 0.690741 0.046354 0.203704
0 23 0.611198 0.683796 0.044271 0.189815
0 24 0.634115 0.679630 0.035937 0.174074
0 25 0.544271 0.657407 0.037500 0.174074
0 26 0.709375 0.631481 0.036458 0.157407
0 27 0.721094 0.633333 0.030729 0.151852
0 28 0.708333 0.710185 0.043750 0.177778
0 29 0.726562 0.721759 0.033333 0.136111
0 30 0.820833 0.714352 0.059375 0.199074
0 31 0.633073 0.820833 0.047396 0.249074
0 32 0.765104 0.637963 0.039583 0.170370
0 33 0.825000 0.683333 0.045833 0.187037
0 34 0.887240 0.723148 0.056771 0.177778
0 35 0.040625 0.908333 0.057292 0.183333
0 36 0.080990 0.922685 0.054688 0.154630
0 37 0.028125 0.980093 0.036458 0.041667
0 38 0.329948 0.818981 0.049479 0.204630
0 39 0.498177 0.829167 0.061979 0.223148
0 40 0.802083 0.774074 0.056250 0.209259
0 42 0.888021 0.761111 0.058333 0.212963
0 43 0.885156 0.757870 0.047396 0.195370
0 44 0.916927 0.746296 0.036979 0.183333
0 52 0.496094 0.504167 0.044271 0.106481
0 53 0.470313 0.490278 0.032292 0.123148
0 54 0.399219 0.485185 0.028646 0.124074
0 56 0.408594 0.483333 0.025521 0.090741
0 57 0.394010 0.475463 0.025521 0.102778
0 71 0.397396 0.481019 0.025000 0.112037
0 73 0.738542 0.443981 0.019792 0.075000
0 74 0.749479 0.448611 0.028125 0.089815
