0 1 0.243750 0.776389 0.063542 0.234259
0 2 0.297656 0.778241 0.054688 0.230556
0 3 0.347917 0.754167 0.041667 0.204630
0 5 0.326562 0.877778 0.061458 0.246296
0 6 0.392448 0.875463 0.058854 0.230556
0 7 0.657031 0.673611 0.044271 0.195370
0 8 0.661198 0.674074 0.036979 0.194444
0 9 0.802083 0.536111 0.028125 0.092593
0 10 0.644531 0.658333 0.034896 0.181481
0 11 0.846875 0.705093 0.047917 0.187963
0 12 0.760156 0.750926 0.044271 0.207407
0 13 0.702865 0.757407 0.048438 0.207407
0 14 0.833594 0.691204 0.042188 0.184259
0 15 0.446875 0.538889 0.023958 0.109259
0 16 0.475000 0.525926 0.031250 0.127778
0 17 0.432292 0.563426 0.027083 0.128704
0 18 0.493750 0.550000 0.031250 0.124074
0 19 0.500000 0.529167 0.026042 0.121296
0 20 0.545573 0.529630 0.031771 0.125926
0 21 0.521875 0.549074 0.030208 0.129630
0 22 0.491667 0.649074 0.044792 0.183333
0 23 0.509896 0.650000 0.036458 0.174074
0 24 0.546615 0.644444 0.033854 0.162963
0 25 0.563802 0.618519 0.031771 0.153704
0 26 0.602865 0.619444 0.034896 0.157407
0 27 0.603646 0.605556 0.030208 0.142593
0 28 0.557552 0.683796 0.044271 0.169444
0 29 0.585677 0.699074 0.028646 0.129630
0 30 0.659375 0.700463 0.040625 0.195370
0 31 0.654167 0.754167 0.044792 0.219444
0 32 0.675521 0.606019 0.029167 0.143519
0 33 0.739062 0.648611 0.037500 0.167593
0 34 0.714063 0.710185 0.043750 0.162963
0 35 0.015885 0.945370 0.030729 0.111111
0 36 0.051042 0.963426 0.051042 0.075000
0 38 0.591927 0.834259 0.058854 0.203704
0 39 0.759635 0.818981 0.061979 0.215741
0 52 0.455729 0.487037 0.032292 0.103704
0 53 0.416667 0.482870 0.033333 0.126852
0 73 0.716667 0.460185 0.026042 0.090741
0 74 0.736458 0.460648 0.030208 0.089815
