0 1 0.254167 0.734259 0.054167 0.207407
0 2 0.319792 0.732407 0.050000 0.222222
0 3 0.378125 0.715278 0.039583 0.193519
0 5 0.284896 0.899537 0.064583 0.200926
0 6 0.350000 0.905093 0.063542 0.187963
0 7 0.590104 0.649537 0.041667 0.191667
0 8 0.598958 0.646296 0.035417 0.177778
0 9 0.789844 0.529630 0.025521 0.092593
0 10 0.621875 0.652315 0.032292 0.182407
0 11 0.918229 0.715741 0.050000 0.192593
0 12 0.742188 0.784722 0.041667 0.225000
0 13 0.698438 0.791667 0.047917 0.225926
0 14 0.892708 0.702778 0.047917 0.196296
0 15 0.451302 0.542130 0.023438 0.112037
0 16 0.472656 0.533796 0.029687 0.139815
0 17 0.430729 0.571296 0.030208 0.135185
0 18 0.504167 0.560185 0.033333 0.137037
0 19 0.502604 0.532870 0.026042 0.121296
0 20 0.534896 0.537963 0.032292 0.135185
0 21 0.533854 0.555556 0.030208 0.129630
0 22 0.546094 0.670370 0.041146 0.194444
0 23 0.555729 0.669907 0.045833 0.182407
0 24 0.578906 0.665741 0.038021 0.174074
0 25 0.538802 0.634722 0.032813 0.163889
0 26 0.668229 0.623148 0.036458 0.157407
0 27 0.664844 0.619444 0.031771 0.151852
0 28 0.637240 0.699537 0.046354 0.173148
0 29 0.660156 0.711574 0.033854 0.134259
0 30 0.758854 0.707407 0.056250 0.198148
0 31 0.645052 0.790278 0.046354 0.232407
0 32 0.737500 0.619444 0.035417 0.157407
0 33 0.790365 0.662037 0.042188 0.179630
0 34 0.808073 0.717130 0.044271 0.176852
0 35 0.026823 0.922222 0.052604 0.157407
0 36 0.060156 0.939352 0.053646 0.123148
0 38 0.415625 0.824074 0.054167 0.203704
0 39 0.597135 0.819907 0.068229 0.217593
0 40 0.884896 0.788426 0.066667 0.210185
0 42 0.965625 0.764815 0.046875 0.214815
0 43 0.960417 0.760648 0.038542 0.200926
0 52 0.477865 0.488426 0.034896 0.104630
0 53 0.450521 0.481944 0.032292 0.123148
0 54 0.380729 0.477315 0.029167 0.123148
0 56 0.382031 0.482407 0.027604 0.090741
0 73 0.725521 0.450000 0.023958 0.085185
0 74 0.747396 0.442130 0.028125 0.089815
