0 1 0.247656 0.744907 0.058854 0.221296
0 2 0.313542 0.753241 0.050000 0.232407
0 3 0.367188 0.726852 0.039583 0.201852
0 5 0.302865 0.891667 0.061979 0.218519
0 6 0.364583 0.896296 0.061458 0.209259
0 7 0.609115 0.656944 0.043229 0.193519
0 8 0.621354 0.653704 0.039583 0.181481
0 9 0.791927 0.529630 0.025521 0.092593
0 10 0.630208 0.653241 0.033333 0.182407
0 11 0.885156 0.713426 0.055729 0.187963
0 12 0.747396 0.772685 0.042708 0.221296
0 13 0.702083 0.778704 0.047917 0.218519
0 14 0.868750 0.699074 0.048958 0.192593
0 15 0.450000 0.540278 0.023958 0.110185
0 16 0.474740 0.530093 0.031771 0.136111
0 17 0.429427 0.566667 0.028646 0.133333
0 18 0.498698 0.554630 0.031771 0.135185
0 19 0.500521 0.532870 0.026042 0.121296
0 20 0.541406 0.532407 0.031771 0.131481
0 21 0.530729 0.553704 0.030208 0.129630
0 22 0.523698 0.662037 0.049479 0.190741
0 23 0.534896 0.663426 0.036458 0.184259
0 24 0.564844 0.658796 0.035937 0.173148
0 25 0.548438 0.629630 0.031250 0.161111
0 26 0.639844 0.623148 0.035937 0.157407
0 27 0.646354 0.617593 0.031250 0.151852
0 28 0.601042 0.694444 0.045833 0.174074
0 29 0.633333 0.704630 0.035417 0.135185
0 30 0.720313 0.707407 0.050000 0.203704
0 31 0.652604 0.775000 0.046875 0.224074
0 32 0.717187 0.609722 0.029167 0.143519
0 33 0.772135 0.654630 0.044271 0.170370
0 34 0.777083 0.714352 0.052083 0.175000
0 35 0.023438 0.931481 0.045833 0.138889
0 36 0.049740 0.949537 0.058854 0.102778
0 38 0.479167 0.825926 0.062500 0.203704
0 39 0.654427 0.819907 0.068229 0.215741
0 40 0.938281 0.800463 0.065104 0.210185
0 52 0.470573 0.488426 0.031771 0.104630
0 53 0.442188 0.481019 0.032292 0.123148
0 73 0.723437 0.451389 0.025000 0.087963
0 74 0.744792 0.446759 0.030208 0.089815
