0 1 0.245573 0.750463 0.058854 0.221296
0 2 0.311979 0.760185 0.048958 0.231481
0 3 0.364844 0.735185 0.041146 0.203704
0 5 0.307812 0.888889 0.061458 0.224074
0 6 0.368229 0.893519 0.061458 0.212963
0 7 0.615365 0.659259 0.044271 0.192593
0 8 0.629167 0.656481 0.041667 0.185185
0 9 0.792969 0.529630 0.025521 0.092593
0 10 0.633073 0.653241 0.034896 0.182407
0 11 0.875000 0.712500 0.055208 0.187963
0 12 0.750781 0.768056 0.044271 0.221296
0 13 0.702604 0.770833 0.047917 0.217593
0 14 0.860156 0.695833 0.046354 0.189815
0 15 0.449479 0.539352 0.023958 0.110185
0 16 0.474740 0.529167 0.031771 0.134259
0 17 0.429427 0.565278 0.027604 0.132407
0 18 0.497396 0.553704 0.031250 0.133333
0 19 0.499740 0.532870 0.025521 0.121296
0 20 0.543490 0.531481 0.031771 0.131481
0 21 0.528125 0.550000 0.030208 0.129630
0 22 0.517448 0.658333 0.045312 0.188889
0 23 0.528385 0.661111 0.035937 0.179630
0 24 0.562240 0.654630 0.035937 0.170370
0 25 0.552604 0.626852 0.031250 0.161111
0 26 0.630469 0.624074 0.035937 0.157407
0 27 0.638542 0.617593 0.031250 0.151852
0 28 0.590885 0.692593 0.045312 0.174074
0 29 0.624479 0.704630 0.036458 0.135185
0 30 0.706771 0.706019 0.047917 0.199074
0 31 0.654687 0.770370 0.046875 0.224074
0 32 0.709635 0.608796 0.029687 0.143519
0 33 0.768490 0.652315 0.041146 0.169444
0 34 0.767188 0.712500 0.047917 0.173148
0 35 0.022135 0.935648 0.043229 0.130556
0 36 0.046354 0.953241 0.060417 0.095370
0 38 0.494531 0.826852 0.063021 0.203704
0 39 0.676823 0.817593 0.055729 0.218519
0 40 0.955729 0.803241 0.052083 0.210185
0 52 0.467708 0.489352 0.032292 0.104630
0 53 0.438021 0.481019 0.032292 0.123148
0 73 0.722656 0.451852 0.025521 0.088889
0 74 0.743229 0.449537 0.030208 0.089815
