0 1 0.267448 0.715741 0.054688 0.209259
0 2 0.332813 0.717130 0.050000 0.217593
0 3 0.391146 0.700463 0.039583 0.187963
0 5 0.261719 0.910648 0.070312 0.178704
0 6 0.332552 0.917593 0.058854 0.164815
0 7 0.569271 0.642130 0.041667 0.189815
0 8 0.578646 0.641667 0.033333 0.183333
0 9 0.790104 0.526852 0.026042 0.092593
0 10 0.620052 0.651852 0.038021 0.181481
0 12 0.735938 0.807870 0.043750 0.228704
0 13 0.688542 0.810648 0.047917 0.234259
0 14 0.940885 0.708333 0.061979 0.192593
0 15 0.452865 0.552778 0.023438 0.112963
0 16 0.476823 0.536111 0.030729 0.140741
0 17 0.433854 0.578241 0.030208 0.137963
0 18 0.513021 0.564352 0.033333 0.137963
0 19 0.503906 0.540741 0.025521 0.127778
0 20 0.530729 0.546296 0.032292 0.140741
0 21 0.539583 0.560185 0.030208 0.129630
0 22 0.571875 0.689815 0.056250 0.205556
0 23 0.593750 0.680093 0.042708 0.189815
0 24 0.615365 0.678241 0.035937 0.173148
0 25 0.537500 0.647685 0.034375 0.175000
0 26 0.697917 0.628704 0.036458 0.157407
0 27 0.705469 0.629630 0.030729 0.151852
0 28 0.687500 0.707870 0.043750 0.176852
0 29 0.705208 0.721296 0.033333 0.135185
0 30 0.800781 0.712963 0.057813 0.198148
0 31 0.636979 0.811111 0.046875 0.244444
0 32 0.757812 0.634259 0.039583 0.170370
0 33 0.813802 0.679630 0.043229 0.187037
0 34 0.863542 0.720370 0.056250 0.177778
0 35 0.033073 0.912500 0.056771 0.175000
0 36 0.074740 0.926852 0.053646 0.146296
0 38 0.356250 0.821759 0.053125 0.204630
0 39 0.528906 0.822222 0.060937 0.222222
0 40 0.823177 0.778241 0.048438 0.210185
0 42 0.908854 0.757870 0.039583 0.212037
0 43 0.906250 0.757407 0.044792 0.198148
0 44 0.943490 0.750926 0.036979 0.185185
0 52 0.489583 0.495370 0.059375 0.109259
0 53 0.465104 0.487500 0.032292 0.123148
0 54 0.393490 0.483333 0.027604 0.124074
0 56 0.403125 0.482407 0.025000 0.090741
0 57 0.387760 0.474074 0.025521 0.103704
0 71 0.390625 0.476389 0.025000 0.112037
0 73 0.732031 0.446296 0.021354 0.079630
0 74 0.748437 0.446759 0.028125 0.089815
