0 1 0.255208 0.729630 0.054167 0.209259
0 2 0.320833 0.729630 0.050000 0.220370
0 3 0.379167 0.713426 0.039583 0.193519
0 5 0.282292 0.900463 0.064583 0.199074
0 6 0.347656 0.906481 0.063021 0.185185
0 7 0.588021 0.648611 0.041667 0.191667
0 8 0.596615 0.645370 0.034896 0.177778
0 9 0.789323 0.529630 0.025521 0.092593
0 10 0.621094 0.652315 0.033854 0.182407
0 11 0.920573 0.715741 0.048438 0.192593
0 12 0.741667 0.786111 0.041667 0.225926
0 13 0.697396 0.793981 0.047917 0.226852
0 14 0.896354 0.703704 0.047917 0.196296
0 15 0.451302 0.542593 0.023438 0.112963
0 16 0.473177 0.533796 0.029687 0.139815
0 17 0.430729 0.572222 0.030208 0.135185
0 18 0.504687 0.560185 0.033333 0.137037
0 19 0.502865 0.532870 0.025521 0.121296
0 20 0.534375 0.538889 0.032292 0.135185
0 21 0.534375 0.555556 0.030208 0.129630
0 22 0.548698 0.671296 0.043229 0.192593
0 23 0.559896 0.669907 0.044792 0.184259
0 24 0.582292 0.667130 0.037500 0.173148
0 25 0.537760 0.637500 0.034896 0.165741
0 26 0.671354 0.624074 0.036458 0.157407
0 27 0.669271 0.621296 0.031250 0.151852
0 28 0.642448 0.699537 0.046354 0.173148
0 29 0.663802 0.712500 0.033854 0.134259
0 30 0.763021 0.707407 0.056250 0.198148
0 31 0.644271 0.791667 0.046875 0.233333
0 32 0.740104 0.621296 0.036458 0.161111
0 33 0.792969 0.664352 0.042188 0.180556
0 34 0.813021 0.717593 0.048958 0.175926
0 35 0.027083 0.921296 0.053125 0.159259
0 36 0.061458 0.937963 0.053125 0.125926
0 38 0.404687 0.822222 0.053125 0.203704
0 39 0.589844 0.819444 0.069271 0.216667
0 40 0.881250 0.787963 0.059375 0.209259
0 42 0.960677 0.764815 0.046354 0.216667
0 43 0.954427 0.759722 0.039062 0.200926
0 52 0.479948 0.488889 0.039062 0.105556
0 53 0.451562 0.482870 0.032292 0.123148
0 54 0.382031 0.478704 0.028646 0.124074
0 56 0.384375 0.482407 0.027083 0.090741
0 73 0.725781 0.449537 0.023438 0.084259
0 74 0.747396 0.442130 0.028125 0.089815
