0 1 0.269010 0.711574 0.054688 0.208333
0 2 0.334375 0.716204 0.050000 0.217593
0 3 0.392708 0.699537 0.039583 0.187963
0 5 0.259115 0.912037 0.071354 0.175926
0 6 0.330990 0.918056 0.057813 0.162037
0 7 0.566667 0.641667 0.041667 0.188889
0 8 0.577083 0.640741 0.033333 0.185185
0 9 0.790365 0.526852 0.025521 0.092593
0 10 0.620573 0.651852 0.038021 0.181481
0 12 0.735938 0.808796 0.043750 0.228704
0 13 0.687500 0.812963 0.048958 0.235185
0 14 0.946354 0.709259 0.061458 0.192593
0 15 0.453385 0.553704 0.023438 0.112963
0 16 0.477604 0.537037 0.031250 0.140741
0 17 0.434115 0.579630 0.029687 0.137037
0 18 0.514323 0.565278 0.033854 0.137963
0 19 0.504167 0.542130 0.026042 0.128704
0 20 0.530729 0.546296 0.032292 0.140741
0 21 0.540104 0.561111 0.030208 0.129630
0 22 0.576823 0.689815 0.053646 0.205556
0 23 0.598698 0.681019 0.043229 0.189815
0 24 0.620573 0.678704 0.035937 0.174074
0 25 0.539062 0.651389 0.035417 0.175000
0 26 0.701042 0.629630 0.036458 0.157407
0 27 0.709896 0.630556 0.030208 0.151852
0 28 0.693229 0.708796 0.043750 0.176852
0 29 0.710938 0.721296 0.033333 0.135185
0 30 0.806510 0.713426 0.057813 0.199074
0 31 0.636198 0.814815 0.046354 0.246296
0 32 0.759896 0.635185 0.039583 0.170370
0 33 0.817187 0.680556 0.043750 0.187037
0 34 0.870313 0.720833 0.053125 0.178704
0 35 0.035156 0.911574 0.056771 0.176852
0 36 0.076563 0.925463 0.054167 0.149074
0 37 0.022396 0.983796 0.028125 0.034259
0 38 0.348438 0.820833 0.052083 0.204630
0 39 0.520573 0.821296 0.053646 0.224074
0 40 0.816406 0.776389 0.044271 0.210185
0 42 0.901563 0.759259 0.052083 0.212963
0 43 0.900000 0.757870 0.045833 0.197222
0 44 0.935677 0.749537 0.036979 0.184259
0 52 0.490885 0.497222 0.057813 0.109259
0 53 0.466667 0.488426 0.032292 0.123148
0 54 0.395052 0.483333 0.027604 0.124074
0 56 0.404687 0.482407 0.025000 0.090741
0 57 0.389323 0.474537 0.025521 0.102778
0 71 0.392708 0.477315 0.025000 0.112037
0 73 0.733854 0.445833 0.020833 0.078704
0 74 0.748958 0.447685 0.028125 0.089815
