0 1 0.253906 0.736574 0.054688 0.206481
0 2 0.319531 0.733796 0.050521 0.223148
0 3 0.377604 0.716204 0.039583 0.193519
0 5 0.286458 0.899074 0.064583 0.201852
0 6 0.351042 0.904167 0.063542 0.189815
0 7 0.591667 0.650000 0.041667 0.192593
0 8 0.600521 0.646759 0.035417 0.176852
0 9 0.789844 0.529630 0.025521 0.092593
0 10 0.622135 0.652315 0.031771 0.182407
0 11 0.917188 0.715741 0.051042 0.192593
0 12 0.742188 0.783796 0.041667 0.225000
0 13 0.698438 0.790278 0.047917 0.225000
0 14 0.891146 0.702315 0.047917 0.195370
0 15 0.451302 0.542130 0.023438 0.112037
0 16 0.472656 0.533796 0.029687 0.139815
0 17 0.430208 0.570833 0.030208 0.134259
0 18 0.504167 0.560648 0.033333 0.136111
0 19 0.502344 0.532870 0.025521 0.121296
0 20 0.535156 0.537500 0.031771 0.134259
0 21 0.533854 0.555556 0.030208 0.129630
0 22 0.545052 0.669907 0.040104 0.195370
0 23 0.554427 0.669444 0.047396 0.183333
0 24 0.577865 0.664815 0.038021 0.174074
0 25 0.539323 0.633333 0.031771 0.162963
0 26 0.666667 0.623148 0.036458 0.157407
0 27 0.662760 0.619444 0.031771 0.151852
0 28 0.634635 0.698611 0.046354 0.173148
0 29 0.658594 0.710648 0.033854 0.134259
0 30 0.755990 0.706944 0.055729 0.199074
0 31 0.645573 0.789352 0.046354 0.232407
0 32 0.736458 0.618056 0.034375 0.156481
0 33 0.789323 0.661574 0.042188 0.178704
0 34 0.805469 0.717130 0.042188 0.176852
0 35 0.026562 0.922685 0.052083 0.156481
0 36 0.059375 0.939815 0.054167 0.122222
0 38 0.420833 0.825000 0.054167 0.203704
0 39 0.600260 0.819444 0.064062 0.218519
0 40 0.886979 0.789352 0.069792 0.210185
0 42 0.968229 0.764815 0.046875 0.214815
0 43 0.963542 0.761574 0.038542 0.200926
0 52 0.476823 0.488426 0.032813 0.104630
0 53 0.450000 0.481944 0.032292 0.123148
0 54 0.380469 0.476389 0.029687 0.123148
0 56 0.380990 0.482407 0.027604 0.090741
0 73 0.725521 0.450000 0.023958 0.085185
0 74 0.747396 0.442130 0.028125 0.089815
