0 1 0.247656 0.743519 0.058854 0.220370
0 2 0.313802 0.751389 0.050521 0.232407
0 3 0.367188 0.725463 0.039583 0.200926
0 5 0.302083 0.891667 0.062500 0.216667
0 6 0.363542 0.896296 0.061458 0.207407
0 7 0.607812 0.656481 0.043750 0.192593
0 8 0.619792 0.652778 0.039583 0.181481
0 9 0.791927 0.529630 0.025521 0.092593
0 10 0.629427 0.653241 0.032813 0.182407
0 11 0.887760 0.713426 0.055729 0.187963
0 12 0.746875 0.773611 0.042708 0.221296
0 13 0.702083 0.779630 0.047917 0.218519
0 14 0.870313 0.699074 0.048958 0.192593
0 15 0.450000 0.540278 0.023958 0.110185
0 16 0.474219 0.530093 0.031771 0.136111
0 17 0.429427 0.567130 0.028646 0.132407
0 18 0.499219 0.555556 0.031771 0.135185
0 19 0.500521 0.532870 0.026042 0.121296
0 20 0.540365 0.532407 0.031771 0.131481
0 21 0.531250 0.554630 0.030208 0.129630
0 22 0.525260 0.662500 0.050521 0.191667
0 23 0.535937 0.663889 0.036458 0.185185
0 24 0.565365 0.659722 0.035937 0.173148
0 25 0.547917 0.630093 0.031250 0.162037
0 26 0.641927 0.623148 0.035937 0.157407
0 27 0.648438 0.617593 0.031250 0.151852
0 28 0.602865 0.694444 0.046354 0.174074
0 29 0.635417 0.705093 0.035417 0.134259
0 30 0.722656 0.706944 0.050521 0.202778
0 31 0.652083 0.775926 0.046875 0.224074
0 32 0.718490 0.609722 0.029687 0.143519
0 33 0.772917 0.654630 0.044792 0.170370
0 34 0.778906 0.714815 0.052604 0.175926
0 35 0.023698 0.930556 0.046354 0.140741
0 36 0.050521 0.949074 0.058333 0.103704
0 38 0.474219 0.825926 0.060937 0.203704
0 39 0.650000 0.820370 0.070833 0.214815
0 40 0.935937 0.798611 0.064583 0.210185
0 52 0.471094 0.488426 0.031771 0.104630
0 53 0.442708 0.481019 0.032292 0.123148
0 73 0.723437 0.451389 0.025000 0.087963
0 74 0.744792 0.446759 0.030208 0.089815
