0 1 0.247917 0.742593 0.058333 0.218519
0 2 0.314323 0.750463 0.050521 0.232407
0 3 0.367708 0.724537 0.039583 0.199074
0 5 0.301042 0.892130 0.062500 0.215741
0 6 0.362500 0.896759 0.061458 0.206481
0 7 0.606510 0.656019 0.043229 0.193519
0 8 0.617969 0.652315 0.039062 0.180556
0 9 0.791927 0.529630 0.025521 0.092593
0 10 0.628906 0.653241 0.032813 0.182407
0 11 0.890365 0.713889 0.054688 0.188889
0 12 0.746094 0.774537 0.042188 0.221296
0 13 0.701562 0.780093 0.047917 0.219444
0 14 0.871875 0.699074 0.048958 0.192593
0 15 0.450260 0.540278 0.023438 0.110185
0 16 0.474219 0.530093 0.031771 0.136111
0 17 0.429427 0.567593 0.028646 0.133333
0 18 0.499740 0.555556 0.031771 0.135185
0 19 0.500781 0.532870 0.025521 0.121296
0 20 0.539844 0.532870 0.031771 0.132407
0 21 0.531771 0.555556 0.030208 0.129630
0 22 0.526302 0.663426 0.051562 0.191667
0 23 0.537500 0.664815 0.036458 0.187037
0 24 0.566406 0.661111 0.035937 0.174074
0 25 0.547135 0.630556 0.031771 0.161111
0 26 0.644271 0.622222 0.036458 0.157407
0 27 0.648958 0.617593 0.031250 0.151852
0 28 0.604948 0.694907 0.046354 0.173148
0 29 0.637240 0.705093 0.034896 0.134259
0 30 0.725260 0.706944 0.050521 0.202778
0 31 0.651563 0.776852 0.046875 0.224074
0 32 0.720052 0.610648 0.029687 0.143519
0 33 0.773698 0.655093 0.045312 0.171296
0 34 0.781250 0.715741 0.053125 0.175926
0 35 0.023958 0.930093 0.046875 0.141667
0 36 0.051042 0.948148 0.058333 0.105556
0 38 0.469271 0.825926 0.059375 0.203704
0 39 0.645573 0.821296 0.073438 0.214815
0 40 0.933854 0.797222 0.064583 0.209259
0 52 0.471354 0.488426 0.031250 0.104630
0 53 0.443750 0.481019 0.032292 0.123148
0 73 0.723437 0.451389 0.025000 0.087963
0 74 0.745313 0.445833 0.030208 0.089815
