0 1 0.260417 0.723611 0.054167 0.210185
0 2 0.325521 0.723148 0.050000 0.218519
0 3 0.382812 0.706481 0.039583 0.190741
0 5 0.272917 0.904630 0.066667 0.190741
0 6 0.339323 0.911574 0.063021 0.176852
0 7 0.579688 0.646296 0.041667 0.190741
0 8 0.587760 0.643519 0.033854 0.179630
0 9 0.789323 0.528704 0.025521 0.092593
0 10 0.618490 0.651852 0.038021 0.181481
0 11 0.943750 0.721296 0.040625 0.192593
0 12 0.738021 0.798148 0.042708 0.227778
0 13 0.694271 0.800926 0.047917 0.231481
0 14 0.915365 0.705556 0.056771 0.194444
0 15 0.451823 0.546296 0.023438 0.112963
0 16 0.474740 0.534722 0.030729 0.139815
0 17 0.432292 0.574537 0.030208 0.136111
0 18 0.506771 0.560648 0.033333 0.137963
0 19 0.503906 0.534259 0.025521 0.122222
0 20 0.532813 0.542130 0.032292 0.137963
0 21 0.535937 0.556481 0.030208 0.129630
0 22 0.558594 0.678241 0.049479 0.195370
0 23 0.575260 0.671759 0.041146 0.187963
0 24 0.595313 0.673611 0.036458 0.173148
0 25 0.534896 0.644444 0.038542 0.172222
0 26 0.682813 0.625926 0.036458 0.157407
0 27 0.685156 0.625000 0.030729 0.151852
0 28 0.661719 0.703704 0.045312 0.174074
0 29 0.680208 0.718056 0.033333 0.134259
0 30 0.778906 0.710185 0.056771 0.198148
0 31 0.641146 0.797685 0.046875 0.236111
0 32 0.748437 0.627778 0.039583 0.170370
0 33 0.801823 0.671759 0.042188 0.184259
0 34 0.834375 0.718519 0.057292 0.175926
0 35 0.028125 0.918056 0.055208 0.165741
0 36 0.066927 0.932870 0.052604 0.134259
0 38 0.387500 0.821759 0.050000 0.204630
0 39 0.562240 0.816667 0.050521 0.220370
0 40 0.855208 0.785185 0.059375 0.209259
0 42 0.936719 0.762963 0.061979 0.218519
0 43 0.933333 0.757407 0.040625 0.201852
0 52 0.486979 0.490741 0.054167 0.109259
0 53 0.457813 0.484722 0.032292 0.123148
0 54 0.386719 0.480556 0.027604 0.124074
0 56 0.392708 0.482407 0.026042 0.090741
0 71 0.382812 0.471296 0.025000 0.112963
0 73 0.726823 0.448611 0.023438 0.082407
0 74 0.747396 0.444907 0.028125 0.089815
