0 1 0.272917 0.706481 0.054167 0.207407
0 2 0.337500 0.710648 0.050000 0.217593
0 3 0.398438 0.696759 0.038542 0.187963
0 5 0.250521 0.916204 0.071875 0.167593
0 6 0.327083 0.921759 0.054167 0.154630
0 7 0.559896 0.639352 0.041667 0.187963
0 8 0.573438 0.639352 0.033333 0.187963
0 9 0.790625 0.525926 0.026042 0.092593
0 10 0.622135 0.651852 0.038021 0.181481
0 12 0.737240 0.820370 0.045312 0.235185
0 13 0.685677 0.819907 0.054688 0.234259
0 14 0.963802 0.711111 0.060937 0.192593
0 15 0.453906 0.557407 0.023438 0.112963
0 16 0.479687 0.539352 0.031250 0.143519
0 17 0.435156 0.583796 0.029687 0.137963
0 18 0.519010 0.568519 0.031771 0.140741
0 19 0.504167 0.546759 0.026042 0.132407
0 20 0.531771 0.546296 0.031250 0.140741
0 21 0.543750 0.562963 0.030208 0.129630
0 22 0.592187 0.691204 0.044792 0.202778
0 23 0.613802 0.684259 0.044271 0.190741
0 24 0.636719 0.679630 0.035937 0.174074
0 25 0.545833 0.657870 0.037500 0.175000
0 26 0.710938 0.631481 0.036458 0.157407
0 27 0.723437 0.633333 0.030208 0.151852
0 28 0.711458 0.710648 0.043750 0.178704
0 29 0.729688 0.722222 0.033333 0.137037
0 30 0.823698 0.714352 0.059896 0.199074
0 31 0.632292 0.821759 0.047917 0.249074
0 32 0.766146 0.637963 0.039583 0.170370
0 33 0.826562 0.683333 0.045833 0.187037
0 34 0.890625 0.724074 0.058333 0.177778
0 35 0.041667 0.907870 0.057292 0.184259
0 36 0.082552 0.921759 0.054688 0.156481
0 37 0.029167 0.979167 0.037500 0.043519
0 38 0.326823 0.818981 0.050521 0.204630
0 39 0.495573 0.828704 0.064062 0.222222
0 40 0.799219 0.774074 0.059896 0.209259
0 42 0.886458 0.762037 0.056250 0.212963
0 43 0.882292 0.756944 0.046875 0.195370
0 44 0.913021 0.745833 0.037500 0.182407
0 52 0.497396 0.506019 0.041667 0.106481
0 53 0.470833 0.490278 0.032292 0.123148
0 54 0.400000 0.486111 0.029167 0.124074
0 56 0.409635 0.484259 0.025521 0.090741
0 57 0.394792 0.476389 0.025000 0.102778
0 71 0.398438 0.481019 0.025000 0.112037
0 73 0.739323 0.443519 0.019271 0.074074
0 74 0.749479 0.448611 0.028125 0.089815
