0 1 0.264323 0.720833 0.054688 0.210185
0 2 0.329688 0.719907 0.050000 0.217593
0 3 0.388021 0.702778 0.039583 0.190741
0 5 0.266667 0.907870 0.068750 0.184259
0 6 0.334896 0.914815 0.061458 0.170370
0 7 0.573958 0.643981 0.041667 0.189815
0 8 0.581771 0.642593 0.033333 0.181481
0 9 0.789844 0.527778 0.025521 0.092593
0 10 0.619531 0.651852 0.038021 0.181481
0 12 0.735938 0.806019 0.043750 0.228704
0 13 0.691146 0.806481 0.047917 0.233333
0 14 0.929167 0.707407 0.062500 0.192593
0 15 0.452344 0.550000 0.023438 0.112963
0 16 0.475781 0.534722 0.030729 0.139815
0 17 0.433333 0.575926 0.030208 0.137037
0 18 0.510417 0.562500 0.033333 0.137963
0 19 0.503906 0.537500 0.025521 0.125000
0 20 0.531250 0.543981 0.032292 0.139815
0 21 0.538021 0.558333 0.030208 0.129630
0 22 0.565625 0.684259 0.053125 0.201852
0 23 0.584635 0.676389 0.041146 0.189815
0 24 0.604948 0.678241 0.035937 0.173148
0 25 0.536198 0.645833 0.034896 0.175000
0 26 0.691146 0.627778 0.036458 0.157407
0 27 0.696354 0.626852 0.031250 0.151852
0 28 0.675521 0.707407 0.043750 0.175926
0 29 0.693229 0.721759 0.033333 0.134259
0 30 0.789844 0.712037 0.056771 0.198148
0 31 0.639062 0.803704 0.046875 0.240741
0 32 0.753646 0.631481 0.039583 0.170370
0 33 0.808333 0.677315 0.042708 0.186111
0 34 0.850260 0.718981 0.060937 0.176852
0 35 0.028906 0.915741 0.056771 0.170370
0 36 0.071354 0.929630 0.053125 0.140741
0 38 0.369271 0.821296 0.045833 0.203704
0 39 0.545312 0.823148 0.068750 0.220370
0 40 0.836458 0.781944 0.057292 0.210185
0 42 0.922917 0.762037 0.053125 0.212963
0 43 0.918229 0.757407 0.042708 0.200000
0 44 0.958333 0.753704 0.036458 0.187037
0 52 0.488542 0.493519 0.057292 0.109259
0 53 0.462500 0.486574 0.032292 0.123148
0 54 0.390365 0.482407 0.027604 0.124074
0 56 0.398958 0.482407 0.025000 0.090741
0 57 0.384115 0.473148 0.025521 0.103704
0 71 0.386979 0.474074 0.025000 0.112963
0 73 0.728385 0.447685 0.022396 0.082407
0 74 0.748437 0.446759 0.028125 0.089815
