0 1 0.243229 0.779167 0.063542 0.234259
0 2 0.297917 0.779630 0.055208 0.227778
0 3 0.347135 0.756019 0.042188 0.204630
0 5 0.327604 0.876852 0.061458 0.248148
0 6 0.392708 0.873148 0.058333 0.229630
0 7 0.660156 0.674537 0.044271 0.195370
0 8 0.664323 0.676389 0.036979 0.195370
0 9 0.803125 0.537037 0.028125 0.092593
0 10 0.645052 0.660185 0.034896 0.181481
0 11 0.844271 0.704630 0.047917 0.187037
0 12 0.761979 0.750463 0.044792 0.206481
0 13 0.701042 0.756481 0.046875 0.207407
0 14 0.833594 0.690278 0.042188 0.184259
0 15 0.446875 0.538426 0.023958 0.108333
0 16 0.475000 0.525926 0.031250 0.127778
0 17 0.432812 0.563426 0.027083 0.128704
0 18 0.493229 0.550000 0.031250 0.124074
0 19 0.500000 0.528241 0.026042 0.121296
0 20 0.545312 0.529630 0.031250 0.125926
0 21 0.521354 0.549074 0.030208 0.129630
0 22 0.490104 0.648148 0.043750 0.183333
0 23 0.508854 0.648148 0.036458 0.174074
0 24 0.545573 0.643056 0.033854 0.162037
0 25 0.565625 0.618981 0.032292 0.154630
0 26 0.601302 0.618519 0.034896 0.157407
0 27 0.602083 0.604630 0.030208 0.138889
0 28 0.554948 0.682870 0.044271 0.169444
0 29 0.583854 0.698148 0.028125 0.129630
0 30 0.656250 0.699074 0.040625 0.194444
0 31 0.654427 0.753241 0.044271 0.217593
0 32 0.672396 0.605093 0.029167 0.143519
0 33 0.735938 0.649537 0.037500 0.167593
0 34 0.709375 0.710185 0.042708 0.161111
0 35 0.015365 0.945370 0.029687 0.111111
0 36 0.051562 0.964352 0.050000 0.073148
0 38 0.599740 0.835185 0.050521 0.203704
0 39 0.769010 0.817593 0.056771 0.214815
0 52 0.455208 0.486574 0.035417 0.104630
0 53 0.414583 0.483333 0.033333 0.127778
0 73 0.716146 0.462037 0.026042 0.090741
0 74 0.735938 0.461574 0.030208 0.089815
