0 1 0.271875 0.706481 0.054167 0.207407
0 2 0.336979 0.712500 0.050000 0.217593
0 3 0.396615 0.697685 0.039062 0.187963
0 5 0.253385 0.914815 0.071354 0.170370
0 6 0.328646 0.920833 0.055208 0.156481
0 7 0.561979 0.639815 0.041667 0.188889
0 8 0.574479 0.639815 0.033333 0.187037
0 9 0.790625 0.525926 0.026042 0.092593
0 10 0.621615 0.651852 0.038021 0.181481
0 12 0.736458 0.815278 0.044792 0.232407
0 13 0.686198 0.817593 0.052604 0.235185
0 14 0.958073 0.710185 0.060937 0.192593
0 15 0.453906 0.557407 0.023438 0.112963
0 16 0.478906 0.538889 0.030729 0.142593
0 17 0.434635 0.581944 0.029687 0.137963
0 18 0.517448 0.567593 0.032813 0.138889
0 19 0.504167 0.545370 0.026042 0.131481
0 20 0.531250 0.546296 0.031250 0.140741
0 21 0.542188 0.562963 0.030208 0.129630
0 22 0.586979 0.690741 0.047917 0.203704
0 23 0.608854 0.683333 0.043750 0.190741
0 24 0.630990 0.678704 0.035937 0.174074
0 25 0.542448 0.656481 0.036979 0.174074
0 26 0.707812 0.630556 0.036458 0.157407
0 27 0.718750 0.632407 0.030208 0.151852
0 28 0.705208 0.709722 0.043750 0.178704
0 29 0.723437 0.721296 0.033333 0.135185
0 30 0.817969 0.714352 0.058854 0.199074
0 31 0.633594 0.819444 0.047396 0.248148
0 32 0.764062 0.637963 0.039583 0.170370
0 33 0.823698 0.682407 0.045312 0.187037
0 34 0.883854 0.722685 0.055208 0.178704
0 35 0.039583 0.908796 0.057292 0.182407
0 36 0.079948 0.923148 0.054688 0.153704
0 37 0.026823 0.980556 0.034896 0.040741
0 38 0.333333 0.818981 0.048958 0.204630
0 39 0.502604 0.827315 0.060417 0.223148
0 40 0.804948 0.774537 0.052604 0.210185
0 42 0.890104 0.761111 0.060417 0.212963
0 43 0.888021 0.758796 0.047917 0.195370
0 44 0.920573 0.747222 0.036979 0.183333
0 52 0.495052 0.502778 0.047396 0.107407
0 53 0.469271 0.489352 0.032292 0.123148
0 54 0.398698 0.485185 0.027604 0.124074
0 56 0.408073 0.483333 0.025521 0.090741
0 57 0.392969 0.475463 0.025521 0.102778
0 71 0.396354 0.480093 0.025000 0.112037
0 73 0.737500 0.444444 0.019792 0.075926
0 74 0.749479 0.448611 0.028125 0.089815
