0 1 0.261979 0.722685 0.054167 0.210185
0 2 0.327083 0.721759 0.050000 0.217593
0 3 0.384896 0.704630 0.039583 0.190741
0 5 0.270573 0.906019 0.067187 0.187963
0 6 0.337240 0.913889 0.063021 0.174074
0 7 0.577604 0.645370 0.041667 0.190741
0 8 0.585156 0.643056 0.033854 0.180556
0 9 0.789323 0.528241 0.025521 0.093519
0 10 0.618490 0.651852 0.038021 0.181481
0 12 0.736719 0.801852 0.043229 0.227778
0 13 0.692708 0.802778 0.047917 0.231481
0 14 0.920833 0.706019 0.059375 0.193519
0 15 0.452344 0.547222 0.023438 0.112963
0 16 0.475260 0.534722 0.030729 0.139815
0 17 0.432812 0.575000 0.030208 0.137037
0 18 0.508333 0.561574 0.033333 0.137963
0 19 0.503906 0.535648 0.025521 0.123148
0 20 0.532292 0.542593 0.032292 0.138889
0 21 0.536458 0.556481 0.030208 0.129630
0 22 0.561458 0.680556 0.051042 0.198148
0 23 0.579688 0.672222 0.040625 0.188889
0 24 0.598958 0.675463 0.036458 0.173148
0 25 0.535156 0.645370 0.035937 0.174074
0 26 0.686458 0.626852 0.036458 0.157407
0 27 0.689583 0.625926 0.031250 0.151852
0 28 0.667188 0.705093 0.044792 0.175000
0 29 0.685417 0.718981 0.033333 0.134259
0 30 0.783073 0.711111 0.056771 0.198148
0 31 0.640104 0.799074 0.046875 0.237037
0 32 0.750521 0.629630 0.039583 0.170370
0 33 0.804167 0.673611 0.042708 0.184259
0 34 0.840625 0.718981 0.058333 0.176852
0 35 0.028385 0.917130 0.055729 0.167593
0 36 0.068750 0.931481 0.053125 0.137037
0 38 0.379688 0.821296 0.044792 0.203704
0 39 0.555469 0.819444 0.057813 0.220370
0 40 0.847135 0.784259 0.060937 0.209259
0 42 0.930729 0.762963 0.062500 0.216667
0 43 0.927344 0.756944 0.041146 0.200926
0 52 0.487500 0.491667 0.055208 0.109259
0 53 0.459896 0.485648 0.032292 0.123148
0 54 0.388021 0.481481 0.028125 0.124074
0 56 0.395313 0.482407 0.026042 0.090741
0 57 0.381771 0.472685 0.026042 0.104630
0 71 0.384375 0.472222 0.025000 0.112963
0 73 0.727083 0.448611 0.022917 0.082407
0 74 0.747917 0.445833 0.028125 0.089815
