0 1 0.246094 0.759259 0.059896 0.220370
0 2 0.308854 0.764815 0.050000 0.231481
0 3 0.362500 0.740278 0.041667 0.204630
0 5 0.312240 0.886574 0.060937 0.228704
0 6 0.372396 0.891204 0.061458 0.217593
0 7 0.623958 0.662037 0.044792 0.194444
0 8 0.636719 0.659722 0.042188 0.187963
0 9 0.794531 0.530556 0.025521 0.092593
0 10 0.635938 0.653704 0.035417 0.181481
0 11 0.869531 0.711574 0.051562 0.191667
0 12 0.753646 0.762963 0.044792 0.220370
0 13 0.703385 0.766667 0.048438 0.212963
0 14 0.851562 0.692593 0.043750 0.187037
0 15 0.448958 0.539352 0.023958 0.110185
0 16 0.474740 0.528704 0.031771 0.133333
0 17 0.429688 0.564352 0.027083 0.130556
0 18 0.496875 0.552778 0.031250 0.131481
0 19 0.498958 0.532870 0.026042 0.121296
0 20 0.544010 0.531019 0.031771 0.130556
0 21 0.526563 0.549074 0.030208 0.129630
0 22 0.516927 0.656944 0.047396 0.186111
0 23 0.522656 0.658333 0.035937 0.175926
0 24 0.559115 0.650926 0.035937 0.168519
0 25 0.556771 0.624074 0.032292 0.159259
0 26 0.624219 0.621296 0.034896 0.157407
0 27 0.630729 0.617593 0.031250 0.151852
0 28 0.582812 0.691204 0.044792 0.173148
0 29 0.613802 0.703704 0.034896 0.133333
0 30 0.693490 0.705093 0.045312 0.195370
0 31 0.653646 0.765741 0.046875 0.224074
0 32 0.702344 0.608796 0.029687 0.143519
0 33 0.765104 0.650463 0.038542 0.167593
0 34 0.756250 0.712037 0.048958 0.170370
0 35 0.020833 0.939352 0.040625 0.123148
0 36 0.047396 0.955093 0.058333 0.091667
0 38 0.519271 0.826852 0.046875 0.203704
0 39 0.694792 0.820370 0.061458 0.216667
0 40 0.971354 0.806019 0.041667 0.212037
0 52 0.464062 0.489352 0.032292 0.104630
0 53 0.433854 0.481019 0.032292 0.123148
0 73 0.721875 0.452315 0.026042 0.089815
0 74 0.741667 0.451389 0.030208 0.089815
