0 1 0.283854 0.695833 0.055208 0.206481
0 2 0.342448 0.693519 0.049479 0.214815
0 3 0.411198 0.684259 0.035937 0.185185
0 5 0.226562 0.931019 0.076042 0.139815
0 6 0.313281 0.937500 0.055729 0.126852
0 7 0.540104 0.626389 0.041667 0.182407
0 8 0.563542 0.625926 0.034375 0.181481
0 9 0.792188 0.522685 0.026042 0.093519
0 10 0.623958 0.648611 0.037500 0.180556
0 12 0.734375 0.842130 0.046875 0.243519
0 13 0.684635 0.838426 0.054688 0.247222
0 15 0.457552 0.560185 0.023438 0.112963
0 16 0.485938 0.543981 0.031250 0.145370
0 17 0.445573 0.590741 0.029687 0.140741
0 18 0.532031 0.574537 0.030729 0.143519
0 19 0.510156 0.548148 0.025521 0.135185
0 20 0.534375 0.548148 0.028125 0.140741
0 21 0.559115 0.569907 0.033854 0.134259
0 22 0.640104 0.700463 0.046875 0.204630
0 23 0.665365 0.690741 0.043229 0.190741
0 24 0.689323 0.686574 0.041146 0.173148
0 25 0.582292 0.664815 0.043750 0.175926
0 26 0.741667 0.644444 0.036458 0.166667
0 27 0.760417 0.640278 0.030208 0.152778
0 28 0.768229 0.712037 0.060417 0.185185
0 29 0.788802 0.723148 0.033854 0.140741
0 30 0.880208 0.714352 0.061458 0.199074
0 31 0.619010 0.841667 0.052604 0.257407
0 32 0.792188 0.643981 0.040625 0.171296
0 33 0.861458 0.692130 0.045833 0.195370
0 34 0.951562 0.724537 0.054167 0.176852
0 35 0.061198 0.896296 0.057813 0.205556
0 36 0.109635 0.912037 0.054688 0.177778
0 37 0.054167 0.962500 0.054167 0.075000
0 38 0.271094 0.816667 0.060937 0.203704
0 39 0.432812 0.828704 0.066667 0.224074
0 40 0.744271 0.761574 0.051042 0.210185
0 41 0.935156 0.755093 0.054688 0.202778
0 42 0.830729 0.751852 0.048958 0.211111
0 43 0.829688 0.749074 0.043750 0.196296
0 44 0.866667 0.743981 0.048958 0.173148
0 45 0.960677 0.784259 0.039062 0.137037
0 52 0.509896 0.503241 0.032292 0.106481
0 53 0.482292 0.496759 0.032292 0.123148
0 54 0.410156 0.492593 0.030729 0.125926
0 55 0.830208 0.560185 0.031250 0.140741
0 56 0.434375 0.488889 0.026042 0.090741
0 57 0.415104 0.476852 0.025000 0.101852
0 71 0.418229 0.486574 0.025000 0.112037
0 73 0.743750 0.437963 0.018750 0.074074
0 74 0.752865 0.439352 0.027604 0.086111
