0 1 0.242188 0.783796 0.063542 0.234259
0 2 0.297396 0.786111 0.055208 0.233333
0 3 0.347396 0.760185 0.042708 0.207407
0 5 0.330469 0.873611 0.060937 0.247222
0 6 0.393750 0.870370 0.058333 0.229630
0 7 0.664844 0.676389 0.044271 0.195370
0 8 0.669010 0.680093 0.036979 0.195370
0 9 0.803646 0.538889 0.028125 0.092593
0 10 0.646094 0.662963 0.034896 0.181481
0 11 0.842708 0.704630 0.044792 0.187037
0 12 0.763021 0.750000 0.044792 0.205556
0 13 0.698438 0.755556 0.044792 0.207407
0 14 0.833333 0.689352 0.041667 0.184259
0 15 0.446875 0.538426 0.023958 0.108333
0 16 0.475260 0.526389 0.030729 0.126852
0 17 0.433333 0.563426 0.027083 0.128704
0 18 0.492188 0.550000 0.031250 0.124074
0 19 0.500000 0.527315 0.026042 0.121296
0 20 0.544792 0.530556 0.031250 0.125926
0 21 0.520312 0.550926 0.030208 0.129630
0 22 0.488802 0.646759 0.045312 0.182407
0 23 0.507292 0.645370 0.036458 0.174074
0 24 0.544010 0.641667 0.033854 0.159259
0 25 0.568229 0.619907 0.032292 0.154630
0 26 0.599219 0.617593 0.034896 0.157407
0 27 0.599219 0.602778 0.029687 0.135185
0 28 0.551823 0.681481 0.044271 0.168519
0 29 0.581510 0.698148 0.029687 0.129630
0 30 0.652083 0.697685 0.040625 0.193519
0 31 0.653646 0.752315 0.044792 0.215741
0 32 0.667969 0.605093 0.029687 0.143519
0 33 0.731250 0.651389 0.037500 0.167593
0 34 0.697396 0.708796 0.044792 0.162037
0 35 0.014583 0.945833 0.028125 0.110185
0 36 0.050260 0.967130 0.047396 0.067593
0 38 0.615625 0.836111 0.052083 0.203704
0 39 0.783073 0.816204 0.048438 0.212037
0 52 0.454688 0.486574 0.039583 0.104630
0 53 0.411979 0.483796 0.033333 0.128704
0 73 0.715104 0.462963 0.026042 0.090741
0 74 0.735156 0.463426 0.029687 0.089815
