0 1 0.263281 0.625000 0.046354 0.179630
0 2 0.323177 0.627778 0.041146 0.192593
0 3 0.360938 0.648148 0.034375 0.168519
0 7 0.535417 0.624074 0.035417 0.187037
0 8 0.562500 0.622222 0.031250 0.177778
0 9 0.746875 0.514815 0.023958 0.096296
0 10 0.603385 0.636574 0.035937 0.178704
0 12 0.700521 0.923148 0.063542 0.155556
0 13 0.632552 0.917130 0.065104 0.165741
0 15 0.463802 0.597222 0.024479 0.114815
0 16 0.492188 0.582870 0.034375 0.160185
0 17 0.478125 0.634259 0.035417 0.159259
0 18 0.657813 0.610185 0.034375 0.146296
0 19 0.546354 0.588426 0.026042 0.136111
0 20 0.597656 0.592130 0.040104 0.162037
0 21 0.684635 0.606944 0.031771 0.149074
0 23 0.951302 0.734259 0.054688 0.198148
0 25 0.827865 0.718981 0.050521 0.199074
0 26 0.847396 0.708796 0.051042 0.195370
0 27 0.848437 0.697685 0.034375 0.187963
0 31 0.561198 0.915741 0.060937 0.170370
0 32 0.884375 0.700926 0.041667 0.185185
0 35 0.166927 0.832870 0.055729 0.232407
0 36 0.218229 0.846296 0.055208 0.229630
0 37 0.164323 0.900463 0.059896 0.200926
0 38 0.099479 0.806944 0.037500 0.210185
0 39 0.111719 0.828704 0.045312 0.235185
0 40 0.551823 0.692130 0.041146 0.187963
0 41 0.744792 0.706944 0.045833 0.195370
0 42 0.624740 0.719907 0.045312 0.199074
0 43 0.641146 0.716667 0.036458 0.179630
0 44 0.651042 0.705093 0.042708 0.162037
0 45 0.772396 0.747685 0.034375 0.128704
0 46 0.772656 0.757407 0.040104 0.170370
0 50 0.792448 0.735185 0.044271 0.196296
0 52 0.565625 0.531481 0.029167 0.107407
0 53 0.532292 0.523148 0.033333 0.125926
0 54 0.437500 0.526852 0.030208 0.135185
0 55 0.679167 0.589352 0.040625 0.162037
0 56 0.513542 0.507870 0.023958 0.099074
0 57 0.484375 0.499074 0.030208 0.107407
0 58 0.451562 0.491204 0.029167 0.121296
0 59 0.422396 0.489352 0.029167 0.110185
0 60 0.403906 0.487037 0.025521 0.112963
0 61 0.452604 0.471759 0.023958 0.110185
0 62 0.420833 0.470370 0.023958 0.112963
0 63 0.406771 0.466204 0.021875 0.123148
0 64 0.393490 0.472685 0.023438 0.112037
0 71 0.495312 0.491204 0.025000 0.104630
0 73 0.750260 0.434259 0.019271 0.074074
0 74 0.752083 0.431019 0.027083 0.082407
