0 1 0.285417 0.653241 0.050000 0.191667
0 2 0.343750 0.654167 0.043750 0.199074
0 3 0.430208 0.656944 0.047917 0.167593
0 5 0.175781 0.969907 0.052604 0.060185
0 7 0.531771 0.609259 0.035417 0.179630
0 8 0.562240 0.612037 0.033854 0.175926
0 9 0.787500 0.506944 0.023958 0.093519
0 10 0.620833 0.630093 0.037500 0.169444
0 12 0.725781 0.881944 0.054688 0.234259
0 13 0.675781 0.883796 0.064062 0.234259
0 15 0.464323 0.571296 0.023438 0.112963
0 16 0.493750 0.556481 0.032292 0.148148
0 17 0.461458 0.603241 0.030208 0.145370
0 18 0.575781 0.586111 0.036979 0.142593
0 19 0.523698 0.557407 0.025521 0.135185
0 20 0.546354 0.559722 0.033333 0.145370
0 21 0.601562 0.584722 0.031250 0.149074
0 22 0.800781 0.706481 0.052604 0.205556
0 23 0.801823 0.699074 0.040104 0.194444
0 24 0.826823 0.697685 0.042188 0.184259
0 25 0.709635 0.678704 0.036979 0.185185
0 26 0.790885 0.666667 0.043229 0.179630
0 27 0.815885 0.659722 0.032813 0.167593
0 28 0.895573 0.726389 0.059896 0.187963
0 29 0.919271 0.737037 0.037500 0.146296
0 31 0.599219 0.878241 0.057813 0.243519
0 32 0.844271 0.656944 0.041667 0.173148
0 35 0.113542 0.872685 0.063542 0.245370
0 36 0.173958 0.886111 0.055208 0.229630
0 37 0.109635 0.927778 0.054688 0.146296
0 38 0.188281 0.803241 0.044271 0.204630
0 39 0.263281 0.824537 0.051562 0.223148
0 40 0.644010 0.718981 0.040104 0.193519
0 41 0.810417 0.735648 0.059375 0.204630
0 42 0.722656 0.731481 0.044271 0.211111
0 43 0.723958 0.730556 0.036458 0.185185
0 44 0.762500 0.729167 0.044792 0.176852
0 45 0.840625 0.766204 0.042708 0.132407
0 46 0.929688 0.768519 0.047917 0.168519
0 50 0.939063 0.743519 0.050000 0.198148
0 52 0.544792 0.506944 0.028125 0.106481
0 53 0.513021 0.502315 0.031250 0.126852
0 54 0.429427 0.500926 0.029687 0.125926
0 55 0.771875 0.575000 0.032292 0.142593
0 56 0.482812 0.487963 0.022917 0.090741
0 57 0.459375 0.484722 0.026042 0.102778
0 58 0.419271 0.475926 0.029167 0.112963
0 59 0.397396 0.475463 0.029167 0.112037
0 60 0.384896 0.472222 0.021875 0.107407
0 71 0.474740 0.473611 0.025521 0.104630
0 73 0.748437 0.427778 0.018750 0.074074
0 74 0.754687 0.429167 0.027083 0.082407
