0 1 0.287240 0.676852 0.052604 0.198148
0 2 0.343229 0.678704 0.044792 0.207407
0 3 0.425521 0.669907 0.037500 0.182407
0 5 0.202865 0.944444 0.075521 0.112963
0 6 0.300000 0.948148 0.065625 0.105556
0 7 0.530729 0.617593 0.040625 0.179630
0 8 0.558073 0.616667 0.033854 0.172222
0 9 0.793750 0.516667 0.025000 0.092593
0 10 0.622656 0.640741 0.036979 0.177778
0 12 0.734375 0.862500 0.052083 0.254630
0 13 0.677865 0.858333 0.058854 0.248148
0 15 0.459635 0.562963 0.023438 0.112963
0 16 0.490365 0.546296 0.030729 0.146296
0 17 0.452083 0.595833 0.030208 0.143519
0 18 0.542448 0.577778 0.033854 0.146296
0 19 0.513802 0.551852 0.025521 0.135185
0 20 0.534896 0.549537 0.030208 0.143519
0 21 0.573698 0.575000 0.032813 0.142593
0 22 0.697396 0.703704 0.045833 0.205556
0 23 0.717969 0.693056 0.042188 0.189815
0 24 0.739323 0.688889 0.042188 0.177778
0 25 0.627344 0.669444 0.048438 0.175926
0 26 0.768490 0.653241 0.039062 0.171296
0 27 0.781771 0.647222 0.031250 0.164815
0 28 0.804948 0.715741 0.051562 0.185185
0 29 0.835417 0.727315 0.036458 0.139815
0 30 0.941146 0.713426 0.060417 0.199074
0 31 0.606771 0.856481 0.056250 0.262963
0 32 0.814844 0.644907 0.040104 0.171296
0 33 0.897396 0.698611 0.045833 0.197222
0 35 0.078646 0.887037 0.058333 0.224074
0 36 0.134375 0.901852 0.055208 0.198148
0 37 0.074740 0.948611 0.054688 0.102778
0 38 0.236979 0.812037 0.045833 0.203704
0 39 0.362240 0.825463 0.056771 0.226852
0 40 0.703906 0.745833 0.040104 0.204630
0 41 0.885156 0.747685 0.042188 0.206481
0 42 0.789583 0.742130 0.045833 0.212037
0 43 0.789583 0.737963 0.041667 0.196296
0 44 0.825521 0.738426 0.045833 0.173148
0 45 0.916667 0.777315 0.042708 0.132407
0 52 0.521094 0.501389 0.031771 0.106481
0 53 0.495312 0.494907 0.032292 0.123148
0 54 0.417448 0.496296 0.029687 0.125926
0 55 0.815885 0.566204 0.030729 0.139815
0 56 0.450521 0.487963 0.023958 0.090741
0 57 0.434635 0.476852 0.025521 0.101852
0 58 0.389583 0.468981 0.029167 0.110185
0 71 0.436458 0.479167 0.025000 0.112037
0 73 0.747396 0.433333 0.018750 0.074074
0 74 0.755990 0.429630 0.027604 0.083333
