0 1 0.264844 0.626852 0.046354 0.179630
0 2 0.325260 0.630093 0.042188 0.191667
0 3 0.366667 0.647685 0.033333 0.167593
0 7 0.534375 0.623611 0.035417 0.186111
0 8 0.560417 0.621296 0.031250 0.177778
0 9 0.748437 0.514815 0.023958 0.096296
0 10 0.602865 0.636574 0.035937 0.178704
0 12 0.703385 0.920833 0.061979 0.160185
0 13 0.636198 0.914815 0.067187 0.170370
0 15 0.464323 0.593519 0.024479 0.114815
0 16 0.491667 0.581944 0.034375 0.160185
0 17 0.477344 0.632407 0.033854 0.159259
0 18 0.651563 0.609259 0.034375 0.146296
0 19 0.541406 0.587037 0.025521 0.135185
0 20 0.594271 0.590278 0.038542 0.162037
0 21 0.678385 0.605093 0.031771 0.149074
0 23 0.945573 0.732407 0.046354 0.198148
0 25 0.821615 0.715741 0.051562 0.196296
0 26 0.842708 0.706481 0.051042 0.192593
0 27 0.845833 0.695833 0.034375 0.187963
0 31 0.564844 0.912963 0.060937 0.175926
0 32 0.880990 0.697685 0.042188 0.184259
0 35 0.163802 0.834722 0.055729 0.230556
0 36 0.216146 0.849074 0.055208 0.233333
0 37 0.161198 0.902315 0.058854 0.197222
0 38 0.101562 0.806019 0.037500 0.208333
0 39 0.116406 0.827315 0.050521 0.232407
0 40 0.557292 0.694907 0.042708 0.187963
0 41 0.743750 0.709722 0.045833 0.197222
0 42 0.627604 0.719444 0.046875 0.198148
0 43 0.644271 0.715741 0.036458 0.179630
0 44 0.657813 0.706944 0.044792 0.162037
0 45 0.771875 0.748611 0.034375 0.128704
0 46 0.780208 0.761111 0.038542 0.172222
0 50 0.798698 0.735185 0.046354 0.196296
0 52 0.564323 0.529167 0.028646 0.106481
0 53 0.531771 0.521759 0.034375 0.126852
0 54 0.436979 0.525926 0.030208 0.135185
0 55 0.684896 0.588426 0.040625 0.162037
0 56 0.511979 0.506944 0.023958 0.099074
0 57 0.482812 0.498148 0.030208 0.107407
0 58 0.450000 0.490278 0.029167 0.121296
0 59 0.422656 0.487963 0.029687 0.109259
0 60 0.403906 0.485648 0.025521 0.112037
0 61 0.447917 0.471759 0.023958 0.110185
0 62 0.416406 0.469444 0.023438 0.112963
0 63 0.403385 0.465278 0.022396 0.123148
0 71 0.493229 0.490278 0.025000 0.104630
0 73 0.750260 0.433333 0.019271 0.074074
0 74 0.751042 0.431019 0.027083 0.082407
