0 1 0.267448 0.629630 0.046354 0.179630
0 2 0.328125 0.632407 0.042708 0.190741
0 3 0.377604 0.647685 0.039583 0.167593
0 7 0.533333 0.622685 0.035417 0.184259
0 8 0.558854 0.619444 0.031250 0.175926
0 9 0.753646 0.512500 0.023958 0.095370
0 10 0.603385 0.633333 0.036979 0.175926
0 12 0.709375 0.916667 0.058333 0.168519
0 13 0.641927 0.910648 0.070312 0.176852
0 15 0.465625 0.587963 0.023958 0.112963
0 16 0.490104 0.579630 0.034375 0.159259
0 17 0.476042 0.630556 0.031250 0.159259
0 18 0.641667 0.607407 0.034375 0.146296
0 19 0.538281 0.582407 0.025521 0.135185
0 20 0.588542 0.587500 0.035417 0.162037
0 21 0.666927 0.604167 0.031771 0.149074
0 22 0.932292 0.729630 0.067708 0.222222
0 23 0.926042 0.724074 0.052083 0.198148
0 24 0.949479 0.722222 0.063542 0.190741
0 25 0.812760 0.710185 0.049479 0.190741
0 26 0.835156 0.702778 0.050521 0.187037
0 27 0.841146 0.693056 0.034375 0.187963
0 31 0.571094 0.908796 0.060937 0.184259
0 32 0.875781 0.693519 0.042188 0.181481
0 35 0.158333 0.837963 0.056250 0.229630
0 36 0.212760 0.853704 0.054688 0.237037
0 37 0.155729 0.905556 0.056250 0.190741
0 38 0.108073 0.804630 0.038021 0.203704
0 39 0.126042 0.826852 0.060417 0.227778
0 40 0.566406 0.697685 0.044271 0.187963
0 41 0.744792 0.713426 0.045833 0.199074
0 42 0.634375 0.719444 0.051042 0.198148
0 43 0.650000 0.717130 0.037500 0.178704
0 44 0.669792 0.708796 0.045833 0.163889
0 45 0.773177 0.750463 0.033854 0.128704
0 46 0.795312 0.763889 0.042708 0.175926
0 50 0.810417 0.735648 0.046875 0.197222
0 52 0.562240 0.526389 0.027604 0.106481
0 53 0.530729 0.519444 0.034375 0.125926
0 54 0.435937 0.523148 0.030208 0.135185
0 55 0.694792 0.587037 0.040625 0.161111
0 56 0.509115 0.504630 0.023438 0.098148
0 57 0.480729 0.495370 0.030208 0.107407
0 58 0.447396 0.489352 0.029167 0.121296
0 59 0.422917 0.485648 0.030208 0.106481
0 60 0.403906 0.484722 0.025521 0.112037
0 61 0.441146 0.471759 0.023958 0.110185
0 62 0.408854 0.467593 0.022917 0.112963
0 63 0.398438 0.463889 0.022917 0.124074
0 71 0.490104 0.488426 0.025000 0.104630
0 73 0.750260 0.433333 0.019271 0.074074
0 74 0.751042 0.430093 0.027083 0.082407
