0 1 0.286979 0.658333 0.053125 0.194444
0 2 0.343490 0.662963 0.044271 0.203704
0 3 0.432552 0.660185 0.036979 0.179630
0 5 0.188542 0.958796 0.063542 0.082407
0 6 0.285156 0.964352 0.067187 0.073148
0 7 0.531250 0.612037 0.037500 0.179630
0 8 0.560937 0.611111 0.034375 0.174074
0 9 0.792708 0.510185 0.023958 0.092593
0 10 0.621615 0.633796 0.036979 0.175000
0 12 0.728646 0.875000 0.055208 0.250000
0 13 0.676823 0.875463 0.063021 0.245370
0 15 0.462240 0.565741 0.023438 0.112963
0 16 0.494010 0.551852 0.029687 0.146296
0 17 0.455729 0.597222 0.030208 0.144444
0 18 0.561458 0.581019 0.034375 0.143519
0 19 0.519271 0.555556 0.026042 0.135185
0 20 0.538542 0.553241 0.032292 0.145370
0 21 0.589063 0.581481 0.031250 0.148148
0 22 0.754167 0.703704 0.053125 0.205556
0 23 0.766146 0.696296 0.042708 0.190741
0 24 0.794531 0.694907 0.046354 0.184259
0 25 0.680208 0.677315 0.048958 0.180556
0 26 0.783854 0.656944 0.041667 0.167593
0 27 0.803385 0.657870 0.031771 0.167593
0 28 0.859375 0.719444 0.056250 0.187037
0 29 0.884896 0.730556 0.037500 0.142593
0 31 0.598958 0.870370 0.056250 0.257407
0 32 0.832292 0.650926 0.040625 0.172222
0 33 0.952604 0.701852 0.043750 0.198148
0 35 0.100260 0.879630 0.064062 0.240741
0 36 0.159896 0.893056 0.055208 0.215741
0 37 0.095052 0.935648 0.054688 0.130556
0 38 0.202604 0.805093 0.054167 0.204630
0 39 0.302865 0.821296 0.068229 0.220370
0 40 0.666667 0.725463 0.040625 0.193519
0 41 0.835417 0.744907 0.051042 0.206481
0 42 0.744531 0.735648 0.049479 0.212037
0 43 0.749479 0.732870 0.036458 0.186111
0 44 0.785156 0.734259 0.046354 0.175926
0 45 0.871875 0.768981 0.042708 0.132407
0 46 0.959375 0.769444 0.047917 0.166667
0 50 0.969792 0.754167 0.043750 0.212037
0 52 0.535937 0.502315 0.028125 0.106481
0 53 0.505990 0.498148 0.031771 0.125926
0 54 0.425260 0.500000 0.029687 0.125926
0 55 0.793229 0.572685 0.032292 0.139815
0 56 0.471354 0.485185 0.022917 0.090741
0 57 0.450781 0.480556 0.025521 0.101852
0 58 0.406771 0.472222 0.029167 0.112963
0 71 0.458333 0.471759 0.025000 0.104630
0 73 0.750000 0.427778 0.018750 0.074074
0 74 0.755208 0.428241 0.027083 0.082407
