0 1 0.258594 0.621296 0.046354 0.179630
0 2 0.316146 0.620833 0.039583 0.191667
0 3 0.349219 0.646759 0.038021 0.169444
0 7 0.536719 0.624537 0.034896 0.187963
0 8 0.567448 0.624537 0.031771 0.178704
0 9 0.742708 0.514815 0.023958 0.096296
0 10 0.605990 0.636574 0.035937 0.178704
0 12 0.696875 0.927778 0.063542 0.146296
0 13 0.629687 0.925000 0.068750 0.150000
0 15 0.461719 0.605556 0.025521 0.116667
0 16 0.491667 0.586111 0.034375 0.159259
0 17 0.482292 0.638426 0.036458 0.160185
0 18 0.671875 0.612963 0.034375 0.146296
0 19 0.559115 0.592593 0.026562 0.137037
0 20 0.607812 0.597222 0.042708 0.162963
0 21 0.698958 0.610648 0.031250 0.149074
0 25 0.845313 0.724074 0.037500 0.201852
0 26 0.865625 0.712963 0.048958 0.196296
0 27 0.854688 0.702315 0.034375 0.187963
0 31 0.557031 0.922685 0.060937 0.156481
0 32 0.894010 0.707870 0.042188 0.187963
0 35 0.174219 0.828704 0.054688 0.237037
0 36 0.223177 0.840278 0.054688 0.226852
0 37 0.172396 0.896296 0.062500 0.209259
0 38 0.100521 0.806944 0.037500 0.210185
0 39 0.106771 0.829630 0.039583 0.238889
0 40 0.539323 0.688426 0.039062 0.187963
0 41 0.747396 0.701852 0.045833 0.190741
0 42 0.618750 0.719444 0.042708 0.200000
0 43 0.636458 0.719444 0.036458 0.179630
0 44 0.634896 0.700463 0.037500 0.162037
0 45 0.773958 0.744907 0.034375 0.128704
0 46 0.754427 0.752315 0.044271 0.169444
0 50 0.779427 0.734259 0.040104 0.196296
0 52 0.568750 0.536111 0.030208 0.107407
0 53 0.537500 0.528704 0.035417 0.125926
0 54 0.440104 0.531481 0.030208 0.135185
0 55 0.665104 0.591204 0.040625 0.162037
0 56 0.517969 0.511111 0.020313 0.098148
0 57 0.488021 0.501852 0.030208 0.107407
0 58 0.455729 0.494907 0.029167 0.121296
0 59 0.423698 0.492593 0.029687 0.112963
0 60 0.403906 0.490741 0.025521 0.112963
0 61 0.461198 0.473611 0.024479 0.110185
0 62 0.430729 0.473148 0.023958 0.112963
0 63 0.416667 0.468981 0.021875 0.123148
0 64 0.402344 0.475000 0.023438 0.112963
0 71 0.498437 0.493981 0.025000 0.104630
0 73 0.750781 0.435185 0.019271 0.074074
0 74 0.753646 0.431019 0.027083 0.082407
