0 1 0.284896 0.681481 0.054167 0.198148
0 2 0.343750 0.685185 0.044792 0.207407
0 3 0.421354 0.675463 0.035417 0.182407
0 5 0.213281 0.938889 0.077604 0.124074
0 6 0.305729 0.943519 0.061458 0.114815
0 7 0.530729 0.620370 0.041667 0.179630
0 8 0.559635 0.619444 0.033854 0.175926
0 9 0.792969 0.519907 0.025521 0.093519
0 10 0.623437 0.644444 0.037500 0.179630
0 12 0.733854 0.855093 0.051042 0.250926
0 13 0.680729 0.849074 0.058333 0.248148
0 15 0.458594 0.562037 0.023438 0.112963
0 16 0.488542 0.544444 0.031250 0.146296
0 17 0.448698 0.593056 0.029687 0.143519
0 18 0.535937 0.575926 0.033333 0.146296
0 19 0.512760 0.549074 0.025521 0.135185
0 20 0.534896 0.549074 0.029167 0.142593
0 21 0.565885 0.573148 0.033854 0.140741
0 22 0.681510 0.698148 0.047396 0.201852
0 23 0.695833 0.690741 0.041667 0.190741
0 24 0.717448 0.689352 0.042188 0.175000
0 25 0.609896 0.666204 0.043750 0.175000
0 26 0.757812 0.654167 0.036458 0.175000
0 27 0.772656 0.645833 0.030729 0.160185
0 28 0.787760 0.713889 0.054688 0.185185
0 29 0.815104 0.725000 0.033333 0.140741
0 30 0.913021 0.715278 0.061458 0.199074
0 31 0.610938 0.850463 0.056250 0.262037
0 32 0.805469 0.644907 0.040104 0.171296
0 33 0.883333 0.697685 0.046875 0.199074
0 34 0.978125 0.726389 0.042708 0.175000
0 35 0.070833 0.891204 0.058333 0.215741
0 36 0.123438 0.905556 0.055208 0.190741
0 37 0.067187 0.953704 0.054167 0.092593
0 38 0.253906 0.812963 0.048438 0.203704
0 39 0.394792 0.828704 0.068750 0.225926
0 40 0.721354 0.755093 0.040625 0.206481
0 41 0.905469 0.755556 0.052604 0.207407
0 42 0.808854 0.748148 0.057292 0.212963
0 43 0.805990 0.742593 0.044271 0.196296
0 44 0.842708 0.740278 0.046875 0.173148
0 45 0.934896 0.779167 0.042708 0.132407
0 52 0.514583 0.502315 0.033333 0.106481
0 53 0.489583 0.495833 0.032292 0.123148
0 54 0.414323 0.495370 0.029687 0.125926
0 55 0.825521 0.562037 0.031250 0.140741
0 56 0.440104 0.487963 0.023958 0.090741
0 57 0.426042 0.476852 0.026042 0.101852
0 58 0.381771 0.467593 0.029167 0.103704
0 71 0.428646 0.481944 0.025000 0.112037
0 73 0.745833 0.435185 0.018750 0.074074
0 74 0.754687 0.433796 0.027083 0.084259
