0 1 0.287240 0.669907 0.052604 0.199074
0 2 0.343229 0.675000 0.044792 0.207407
0 3 0.426302 0.668056 0.035937 0.182407
0 5 0.201042 0.945833 0.070833 0.108333
0 6 0.292708 0.951852 0.075000 0.098148
0 7 0.530729 0.616667 0.039583 0.179630
0 8 0.557292 0.615278 0.034375 0.171296
0 9 0.794271 0.514815 0.025000 0.092593
0 10 0.622656 0.638889 0.036979 0.177778
0 12 0.735417 0.865278 0.052083 0.254630
0 13 0.676823 0.862963 0.055729 0.248148
0 15 0.460156 0.563889 0.023438 0.112963
0 16 0.491927 0.548148 0.029687 0.146296
0 17 0.453125 0.596759 0.030208 0.143519
0 18 0.546615 0.578704 0.033854 0.146296
0 19 0.514323 0.552778 0.025521 0.135185
0 20 0.534635 0.549537 0.030729 0.143519
0 21 0.578385 0.575926 0.031771 0.142593
0 22 0.709896 0.701389 0.045833 0.206481
0 23 0.730469 0.693981 0.042188 0.189815
0 24 0.752344 0.690278 0.043229 0.180556
0 25 0.638802 0.670833 0.051562 0.176852
0 26 0.774740 0.652778 0.041146 0.168519
0 27 0.786979 0.647222 0.031250 0.166667
0 28 0.817969 0.715741 0.052604 0.185185
0 29 0.846875 0.728241 0.038542 0.139815
0 30 0.957552 0.712500 0.059896 0.199074
0 31 0.604688 0.860185 0.056250 0.262963
0 32 0.820052 0.645833 0.040104 0.171296
0 33 0.908854 0.700000 0.045833 0.196296
0 35 0.083594 0.885185 0.059896 0.227778
0 36 0.140625 0.900000 0.055208 0.201852
0 37 0.079167 0.945370 0.055208 0.109259
0 38 0.229948 0.811574 0.042188 0.204630
0 39 0.347135 0.825463 0.064062 0.223148
0 40 0.692448 0.740278 0.040104 0.202778
0 41 0.869531 0.745833 0.054688 0.206481
0 42 0.781771 0.740278 0.048958 0.212037
0 43 0.779687 0.737037 0.038542 0.196296
0 44 0.816146 0.738426 0.045833 0.173148
0 45 0.906250 0.773611 0.042708 0.132407
0 52 0.524479 0.501389 0.030208 0.106481
0 53 0.498437 0.493981 0.032292 0.123148
0 54 0.419010 0.497222 0.029687 0.125926
0 55 0.810417 0.568981 0.030208 0.139815
0 56 0.455729 0.487037 0.023958 0.090741
0 57 0.439583 0.476852 0.026042 0.101852
0 58 0.393750 0.470370 0.029167 0.112963
0 71 0.441667 0.476852 0.025000 0.111111
0 73 0.747917 0.431481 0.018750 0.074074
0 74 0.756250 0.428241 0.027083 0.082407
