0 1 0.285156 0.681019 0.053646 0.199074
0 2 0.343229 0.684259 0.044792 0.207407
0 3 0.422135 0.674537 0.035937 0.182407
0 5 0.211198 0.939815 0.077604 0.122222
0 6 0.304948 0.943981 0.061979 0.113889
0 7 0.530469 0.619444 0.041146 0.179630
0 8 0.559635 0.618981 0.033854 0.175000
0 9 0.792969 0.519444 0.025521 0.092593
0 10 0.623437 0.643981 0.037500 0.178704
0 12 0.733854 0.856481 0.051042 0.251852
0 13 0.680208 0.850000 0.059375 0.248148
0 15 0.459115 0.562037 0.023438 0.112963
0 16 0.489063 0.545370 0.031250 0.146296
0 17 0.449219 0.593056 0.029687 0.143519
0 18 0.536458 0.575926 0.033333 0.146296
0 19 0.512760 0.550000 0.025521 0.135185
0 20 0.534896 0.549074 0.029167 0.142593
0 21 0.566927 0.573148 0.033854 0.140741
0 22 0.681771 0.697222 0.046875 0.203704
0 23 0.698958 0.691204 0.041667 0.189815
0 24 0.720573 0.688889 0.042188 0.175926
0 25 0.612760 0.666204 0.041146 0.175000
0 26 0.759115 0.653704 0.036979 0.174074
0 27 0.773958 0.646296 0.031250 0.161111
0 28 0.789844 0.714815 0.053646 0.185185
0 29 0.818229 0.725926 0.033333 0.140741
0 30 0.916667 0.715278 0.061458 0.199074
0 31 0.609896 0.850926 0.056250 0.262963
0 32 0.806771 0.644907 0.040625 0.171296
0 33 0.885417 0.697685 0.046875 0.199074
0 34 0.978385 0.726852 0.042188 0.175926
0 35 0.071875 0.890278 0.058333 0.217593
0 36 0.125000 0.904630 0.055208 0.192593
0 37 0.068229 0.952778 0.054167 0.094444
0 38 0.251302 0.812963 0.048438 0.203704
0 39 0.392188 0.829630 0.072917 0.224074
0 40 0.719010 0.754167 0.040104 0.206481
0 41 0.902344 0.755556 0.055729 0.207407
0 42 0.807552 0.746296 0.056771 0.212963
0 43 0.803906 0.740741 0.044271 0.196296
0 44 0.839844 0.739352 0.046354 0.173148
0 45 0.932292 0.779167 0.042708 0.132407
0 52 0.515625 0.502315 0.033333 0.106481
0 53 0.490104 0.495833 0.032292 0.123148
0 54 0.414844 0.495370 0.029687 0.125926
0 55 0.823958 0.562037 0.031250 0.140741
0 56 0.441667 0.487963 0.023958 0.090741
0 57 0.427344 0.476852 0.025521 0.101852
0 58 0.382812 0.468056 0.029167 0.104630
0 71 0.429688 0.481944 0.025000 0.112037
0 73 0.745833 0.435185 0.018750 0.074074
0 74 0.754948 0.432870 0.027604 0.084259
