0 1 0.287240 0.668056 0.052604 0.199074
0 2 0.343229 0.673148 0.044792 0.207407
0 3 0.427344 0.666204 0.035937 0.182407
0 5 0.200521 0.946759 0.068750 0.106481
0 6 0.288281 0.953704 0.080729 0.094444
0 7 0.530990 0.615741 0.039062 0.179630
0 8 0.557813 0.614352 0.034375 0.171296
0 9 0.794531 0.513889 0.024479 0.092593
0 10 0.622396 0.637963 0.036458 0.177778
0 12 0.735938 0.867130 0.052083 0.254630
0 13 0.676042 0.865741 0.054167 0.248148
0 15 0.460677 0.563889 0.023438 0.112963
0 16 0.492708 0.549074 0.029167 0.146296
0 17 0.453125 0.596759 0.030208 0.143519
0 18 0.548698 0.578704 0.033854 0.146296
0 19 0.514583 0.553704 0.026042 0.135185
0 20 0.534896 0.550000 0.031250 0.144444
0 21 0.580469 0.576389 0.031771 0.143519
0 22 0.716146 0.699537 0.045833 0.206481
0 23 0.736458 0.694907 0.042708 0.189815
0 24 0.759115 0.691204 0.044271 0.180556
0 25 0.645052 0.671296 0.051562 0.177778
0 26 0.777083 0.653241 0.041667 0.167593
0 27 0.790104 0.647685 0.031250 0.167593
0 28 0.824219 0.715741 0.053646 0.185185
0 29 0.852865 0.728241 0.038021 0.139815
0 30 0.965625 0.711574 0.059375 0.199074
0 31 0.603646 0.861574 0.056250 0.262037
0 32 0.822656 0.646759 0.040104 0.171296
0 33 0.915104 0.700000 0.045833 0.196296
0 35 0.085938 0.884259 0.060417 0.229630
0 36 0.143750 0.899074 0.055208 0.203704
0 37 0.081250 0.943981 0.055208 0.112037
0 38 0.226562 0.811574 0.040625 0.204630
0 39 0.340365 0.825463 0.071354 0.221296
0 40 0.686719 0.737500 0.040104 0.200926
0 41 0.861979 0.744907 0.061458 0.206481
0 42 0.777865 0.739352 0.050521 0.212037
0 43 0.774740 0.737037 0.036979 0.196296
0 44 0.811719 0.738426 0.046354 0.173148
0 45 0.901042 0.771759 0.042708 0.132407
0 52 0.526302 0.500463 0.029687 0.106481
0 53 0.500000 0.493981 0.032292 0.123148
0 54 0.419531 0.497222 0.029687 0.125926
0 55 0.807813 0.569907 0.030208 0.139815
0 56 0.458333 0.486111 0.023958 0.090741
0 57 0.442188 0.476852 0.026042 0.101852
0 58 0.395833 0.470370 0.029167 0.112963
0 71 0.444271 0.476389 0.025000 0.110185
0 73 0.748437 0.431481 0.018750 0.074074
0 74 0.756250 0.428241 0.027083 0.082407
