0 1 0.264323 0.625926 0.046354 0.179630
0 2 0.324740 0.629630 0.042188 0.192593
0 3 0.364583 0.647685 0.032292 0.167593
0 7 0.534896 0.623611 0.035417 0.186111
0 8 0.561458 0.621759 0.031250 0.176852
0 9 0.747917 0.514815 0.023958 0.096296
0 10 0.602865 0.636574 0.035937 0.178704
0 12 0.702083 0.921759 0.062500 0.158333
0 13 0.634896 0.915741 0.066667 0.168519
0 15 0.464323 0.594907 0.024479 0.113889
0 16 0.491667 0.581944 0.034375 0.160185
0 17 0.477604 0.633333 0.034375 0.159259
0 18 0.653646 0.609259 0.034375 0.146296
0 19 0.542969 0.587037 0.025521 0.135185
0 20 0.595573 0.591204 0.039062 0.162037
0 21 0.680990 0.606019 0.031771 0.149074
0 23 0.947396 0.732407 0.048958 0.198148
0 25 0.823438 0.717130 0.052083 0.197222
0 26 0.844271 0.707407 0.051042 0.192593
0 27 0.846354 0.696759 0.034375 0.187963
0 31 0.563281 0.913889 0.060937 0.174074
0 32 0.882292 0.699074 0.041667 0.185185
0 35 0.164844 0.833796 0.055729 0.230556
0 36 0.216927 0.848148 0.054688 0.231481
0 37 0.162240 0.901852 0.058854 0.198148
0 38 0.100521 0.806481 0.037500 0.209259
0 39 0.114844 0.827778 0.048438 0.233333
0 40 0.555469 0.693981 0.042188 0.187963
0 41 0.744271 0.708796 0.045833 0.197222
0 42 0.626823 0.719444 0.046354 0.198148
0 43 0.643229 0.715741 0.036458 0.179630
0 44 0.655729 0.706019 0.043750 0.162037
0 45 0.771875 0.747685 0.034375 0.128704
0 46 0.777604 0.760185 0.039583 0.170370
0 50 0.796354 0.735185 0.045833 0.196296
0 52 0.564844 0.530093 0.028646 0.106481
0 53 0.532031 0.522222 0.033854 0.125926
0 54 0.436979 0.525926 0.030208 0.135185
0 55 0.682813 0.588426 0.040625 0.162037
0 56 0.512500 0.506944 0.023958 0.099074
0 57 0.483333 0.498148 0.030208 0.107407
0 58 0.450521 0.490278 0.029167 0.121296
0 59 0.422656 0.487963 0.029687 0.109259
0 60 0.403906 0.486111 0.025521 0.112963
0 61 0.449479 0.471759 0.023958 0.110185
0 62 0.417969 0.469444 0.023438 0.112963
0 63 0.404427 0.465278 0.022396 0.123148
0 71 0.493750 0.491204 0.025000 0.104630
0 73 0.750260 0.434259 0.019271 0.074074
0 74 0.751563 0.431019 0.027083 0.082407
