0 1 0.286979 0.661574 0.053125 0.195370
0 2 0.343229 0.667130 0.044792 0.206481
0 3 0.430469 0.661574 0.035937 0.182407
0 5 0.194010 0.954630 0.066146 0.090741
0 6 0.284635 0.960185 0.075521 0.081481
0 7 0.530990 0.612963 0.038021 0.179630
0 8 0.559896 0.612500 0.034375 0.173148
0 9 0.794271 0.511111 0.023958 0.092593
0 10 0.621875 0.635185 0.036458 0.175926
0 12 0.731250 0.871759 0.053125 0.254630
0 13 0.676302 0.872222 0.059896 0.248148
0 15 0.461719 0.564815 0.023438 0.112963
0 16 0.494010 0.550926 0.028646 0.146296
0 17 0.454167 0.596759 0.030208 0.143519
0 18 0.556771 0.580556 0.034375 0.144444
0 19 0.517188 0.554630 0.026042 0.135185
0 20 0.535677 0.550463 0.031771 0.145370
0 21 0.585938 0.579630 0.031250 0.146296
0 22 0.738542 0.702315 0.054167 0.204630
0 23 0.755208 0.695833 0.042708 0.189815
0 24 0.782552 0.693981 0.047396 0.184259
0 25 0.666927 0.673611 0.051562 0.180556
0 26 0.781250 0.655093 0.041667 0.167593
0 27 0.798438 0.654167 0.031250 0.167593
0 28 0.846615 0.717130 0.055729 0.186111
0 29 0.873437 0.728241 0.037500 0.139815
0 31 0.600521 0.867593 0.056250 0.259259
0 32 0.829167 0.649074 0.040625 0.172222
0 33 0.936979 0.702778 0.045833 0.196296
0 35 0.095052 0.881481 0.063021 0.237037
0 36 0.154948 0.895833 0.054688 0.210185
0 37 0.089583 0.938889 0.055208 0.124074
0 38 0.209115 0.806019 0.054688 0.204630
0 39 0.316667 0.818519 0.061458 0.220370
0 40 0.670312 0.729167 0.040625 0.193519
0 41 0.848958 0.744907 0.055208 0.206481
0 42 0.757552 0.736574 0.044271 0.210185
0 43 0.758333 0.734722 0.036458 0.189815
0 44 0.795052 0.736111 0.046354 0.174074
0 45 0.882292 0.769907 0.042708 0.132407
0 46 0.970313 0.771759 0.047917 0.165741
0 52 0.532813 0.500463 0.028125 0.106481
0 53 0.503646 0.496759 0.032292 0.125000
0 54 0.423177 0.499074 0.029687 0.125926
0 55 0.798438 0.571759 0.031250 0.139815
0 56 0.467187 0.484259 0.022917 0.090741
0 57 0.447396 0.479630 0.026042 0.101852
0 58 0.402604 0.470370 0.029167 0.112963
0 71 0.453125 0.473148 0.025000 0.107407
0 73 0.750000 0.428704 0.018750 0.074074
0 74 0.755729 0.428241 0.027083 0.082407
