0 1 0.282552 0.650000 0.049479 0.190741
0 2 0.342187 0.648611 0.043750 0.199074
0 3 0.418750 0.653241 0.034375 0.173148
0 7 0.531771 0.613889 0.035417 0.181481
0 8 0.562760 0.613889 0.033854 0.174074
0 9 0.780208 0.505093 0.023958 0.093519
0 10 0.617708 0.627315 0.038542 0.167593
0 12 0.721354 0.890278 0.055208 0.217593
0 13 0.670573 0.890741 0.065104 0.220370
0 15 0.465885 0.575926 0.023438 0.112963
0 16 0.495052 0.563889 0.031771 0.151852
0 17 0.466667 0.610185 0.030208 0.153704
0 18 0.594010 0.595370 0.033854 0.144444
0 19 0.526823 0.562963 0.025521 0.135185
0 20 0.558333 0.567130 0.034375 0.150926
0 21 0.619271 0.592130 0.031250 0.149074
0 22 0.838802 0.712037 0.068229 0.209259
0 23 0.841667 0.702315 0.036458 0.199074
0 24 0.865365 0.700463 0.052604 0.189815
0 25 0.744792 0.687037 0.051042 0.187037
0 26 0.802604 0.679167 0.053125 0.189815
0 27 0.825000 0.665278 0.033333 0.173148
0 28 0.937500 0.733333 0.063542 0.187037
0 31 0.595573 0.885185 0.060937 0.227778
0 32 0.855729 0.669907 0.041667 0.173148
0 35 0.127604 0.862500 0.059375 0.245370
0 36 0.186458 0.880093 0.054167 0.241667
0 37 0.125260 0.919907 0.054688 0.162037
0 38 0.160677 0.807870 0.043229 0.204630
0 39 0.223698 0.825463 0.066146 0.225000
0 40 0.622917 0.710648 0.040625 0.191667
0 41 0.780469 0.729630 0.051562 0.203704
0 42 0.697656 0.725926 0.048438 0.205556
0 43 0.697135 0.725000 0.036979 0.181481
0 44 0.737760 0.723148 0.042188 0.174074
0 45 0.813542 0.762963 0.042708 0.131481
0 46 0.892448 0.765741 0.053646 0.168519
0 50 0.900781 0.747222 0.050521 0.198148
0 52 0.552604 0.512500 0.028125 0.106481
0 53 0.521354 0.506019 0.032292 0.126852
0 54 0.431510 0.507870 0.029687 0.132407
0 55 0.752083 0.585648 0.039583 0.160185
0 56 0.494271 0.489815 0.022917 0.090741
0 57 0.469271 0.485185 0.030208 0.107407
0 58 0.432552 0.477778 0.029687 0.112963
0 59 0.408073 0.479167 0.029687 0.112037
0 60 0.397917 0.475926 0.021875 0.107407
0 61 0.405208 0.465278 0.023958 0.110185
0 71 0.480729 0.480093 0.025000 0.104630
0 73 0.748437 0.428704 0.018750 0.074074
0 74 0.753646 0.429167 0.027083 0.082407
