0 1 0.287240 0.668981 0.052604 0.199074
0 2 0.343229 0.674074 0.044792 0.207407
0 3 0.426823 0.667130 0.035937 0.182407
0 5 0.200521 0.946296 0.069792 0.107407
0 6 0.290365 0.952778 0.077604 0.096296
0 7 0.530729 0.615741 0.039583 0.179630
0 8 0.557292 0.614352 0.034375 0.171296
0 9 0.794531 0.514352 0.024479 0.093519
0 10 0.622396 0.638426 0.036458 0.176852
0 12 0.735417 0.866204 0.052083 0.254630
0 13 0.676302 0.863889 0.054688 0.248148
0 15 0.460677 0.563889 0.023438 0.112963
0 16 0.492188 0.548148 0.029167 0.146296
0 17 0.453125 0.596759 0.030208 0.143519
0 18 0.547656 0.578704 0.033854 0.146296
0 19 0.514583 0.552778 0.026042 0.135185
0 20 0.534635 0.549537 0.030729 0.143519
0 21 0.579427 0.576389 0.031771 0.143519
0 22 0.713021 0.700463 0.045833 0.206481
0 23 0.733854 0.694907 0.042708 0.189815
0 24 0.755729 0.690278 0.043750 0.180556
0 25 0.641927 0.671296 0.051562 0.177778
0 26 0.776563 0.653241 0.041667 0.167593
0 27 0.788542 0.647222 0.031250 0.166667
0 28 0.820833 0.715741 0.053125 0.185185
0 29 0.850000 0.728241 0.038542 0.139815
0 30 0.961458 0.711574 0.059375 0.199074
0 31 0.604167 0.860648 0.056250 0.262037
0 32 0.821615 0.646759 0.040104 0.171296
0 33 0.911979 0.700000 0.045833 0.196296
0 35 0.084896 0.884722 0.060417 0.228704
0 36 0.142187 0.899537 0.055208 0.202778
0 37 0.080208 0.944907 0.055208 0.110185
0 38 0.228125 0.811574 0.041667 0.204630
0 39 0.343750 0.825463 0.067708 0.223148
0 40 0.689583 0.738889 0.040625 0.201852
0 41 0.865625 0.744907 0.058333 0.206481
0 42 0.779687 0.739352 0.050000 0.212037
0 43 0.777083 0.737037 0.037500 0.196296
0 44 0.813802 0.738426 0.046354 0.173148
0 45 0.903646 0.772685 0.042708 0.132407
0 52 0.525521 0.501389 0.030208 0.106481
0 53 0.499479 0.493981 0.032292 0.123148
0 54 0.419010 0.497222 0.029687 0.125926
0 55 0.809375 0.569907 0.030208 0.139815
0 56 0.457031 0.486111 0.023438 0.090741
0 57 0.440625 0.476852 0.026042 0.101852
0 58 0.394792 0.470370 0.029167 0.112963
0 71 0.442708 0.476389 0.025000 0.110185
0 73 0.748437 0.431481 0.018750 0.074074
0 74 0.756250 0.428241 0.027083 0.082407
