0 1 0.272917 0.633796 0.046875 0.187963
0 2 0.332031 0.635648 0.043229 0.187963
0 3 0.386979 0.650000 0.040625 0.175926
0 7 0.531771 0.621759 0.035417 0.182407
0 8 0.560417 0.615741 0.031250 0.175926
0 9 0.760938 0.509259 0.023958 0.094444
0 10 0.604167 0.629630 0.038542 0.170370
0 12 0.715104 0.911111 0.058333 0.179630
0 13 0.649479 0.906481 0.072917 0.187037
0 15 0.466406 0.584259 0.023438 0.112963
0 16 0.490885 0.575926 0.033854 0.157407
0 17 0.473958 0.625926 0.030208 0.157407
0 18 0.629948 0.603704 0.033854 0.146296
0 19 0.534115 0.575926 0.025521 0.135185
0 20 0.581771 0.582870 0.034375 0.162037
0 21 0.653385 0.601389 0.031771 0.149074
0 22 0.902344 0.720833 0.056771 0.217593
0 23 0.904687 0.713426 0.051042 0.197222
0 24 0.930208 0.717130 0.057292 0.193519
0 25 0.793750 0.703704 0.047917 0.188889
0 26 0.821354 0.696759 0.054167 0.193519
0 27 0.835156 0.687500 0.033854 0.187963
0 31 0.579948 0.903241 0.060937 0.195370
0 32 0.872656 0.687037 0.042188 0.181481
0 35 0.151042 0.844444 0.056250 0.235185
0 36 0.205990 0.860648 0.054688 0.237963
0 37 0.148438 0.908796 0.055208 0.184259
0 38 0.114062 0.808333 0.044792 0.203704
0 39 0.144271 0.826852 0.066667 0.222222
0 40 0.580469 0.703241 0.042188 0.187963
0 41 0.750521 0.717593 0.045833 0.200000
0 42 0.648438 0.719444 0.052083 0.200000
0 43 0.658594 0.718981 0.038021 0.178704
0 44 0.687240 0.710648 0.041146 0.169444
0 45 0.780990 0.753241 0.034896 0.128704
0 46 0.818229 0.762963 0.045833 0.175926
0 50 0.827604 0.736574 0.046875 0.199074
0 52 0.559635 0.522685 0.027604 0.106481
0 53 0.529427 0.516204 0.035937 0.126852
0 54 0.434635 0.518519 0.029687 0.135185
0 55 0.708854 0.585185 0.040625 0.161111
0 56 0.505469 0.501852 0.023438 0.098148
0 57 0.478646 0.490741 0.030208 0.107407
0 58 0.446354 0.485648 0.029167 0.117593
0 59 0.421875 0.482870 0.030208 0.104630
0 60 0.403906 0.482870 0.025521 0.112037
0 61 0.432292 0.470833 0.023958 0.110185
0 62 0.400521 0.464815 0.022917 0.112963
0 71 0.488021 0.486574 0.025000 0.104630
0 73 0.749740 0.431481 0.019271 0.074074
0 74 0.751563 0.430093 0.027083 0.082407
