0 1 0.277604 0.637037 0.046875 0.190741
0 2 0.336979 0.641204 0.043750 0.191667
0 3 0.403646 0.653241 0.037500 0.176852
0 7 0.531771 0.618519 0.035417 0.181481
0 8 0.560417 0.614352 0.032292 0.176852
0 9 0.770312 0.504630 0.023958 0.094444
0 10 0.610417 0.627315 0.038542 0.169444
0 12 0.720313 0.904630 0.061458 0.192593
0 13 0.660156 0.900000 0.068229 0.201852
0 15 0.466406 0.580556 0.023438 0.112963
0 16 0.492969 0.570833 0.032813 0.154630
0 17 0.470833 0.618981 0.030208 0.154630
0 18 0.614844 0.600000 0.033854 0.146296
0 19 0.529948 0.568519 0.025521 0.135185
0 20 0.573958 0.575463 0.035417 0.162037
0 21 0.638281 0.598611 0.031771 0.149074
0 22 0.875781 0.716204 0.069271 0.215741
0 23 0.877865 0.708333 0.044271 0.198148
0 24 0.902344 0.710648 0.049479 0.195370
0 25 0.778125 0.694444 0.046875 0.187037
0 26 0.815625 0.688889 0.062500 0.190741
0 27 0.827083 0.678241 0.033333 0.187963
0 31 0.586979 0.893519 0.062500 0.211111
0 32 0.867188 0.679630 0.041667 0.179630
0 35 0.141406 0.852778 0.056771 0.242593
0 36 0.197135 0.868981 0.053646 0.237963
0 37 0.139844 0.912500 0.054688 0.176852
0 38 0.130208 0.806019 0.050000 0.204630
0 39 0.176823 0.826852 0.073438 0.220370
0 40 0.598698 0.710185 0.040104 0.187037
0 41 0.761979 0.723148 0.050000 0.203704
0 42 0.667708 0.721296 0.045833 0.205556
0 43 0.673177 0.718981 0.038021 0.178704
0 44 0.709115 0.715278 0.041146 0.171296
0 45 0.792188 0.756019 0.040625 0.128704
0 46 0.848177 0.762500 0.049479 0.167593
0 50 0.853906 0.737037 0.051562 0.198148
0 52 0.556510 0.518056 0.027604 0.106481
0 53 0.526302 0.511574 0.034896 0.126852
0 54 0.433073 0.513889 0.029687 0.135185
0 55 0.726562 0.582870 0.040625 0.160185
0 56 0.501302 0.498148 0.023438 0.098148
0 57 0.473958 0.485185 0.030208 0.107407
0 58 0.444271 0.481481 0.029167 0.112963
0 59 0.419271 0.481019 0.030208 0.104630
0 60 0.403906 0.481019 0.025521 0.112037
0 61 0.422656 0.468056 0.023438 0.110185
0 62 0.390104 0.462963 0.022917 0.112963
0 71 0.486979 0.485648 0.025000 0.104630
0 73 0.749219 0.430556 0.019271 0.074074
0 74 0.752604 0.430093 0.027083 0.082407
