0 1 0.282292 0.647222 0.048958 0.190741
0 2 0.342187 0.647685 0.043750 0.199074
0 3 0.416406 0.653241 0.033854 0.173148
0 7 0.531771 0.614815 0.035417 0.181481
0 8 0.562240 0.614352 0.033854 0.175000
0 9 0.778646 0.505093 0.023958 0.093519
0 10 0.616667 0.626852 0.038542 0.168519
0 12 0.719792 0.891667 0.056250 0.214815
0 13 0.669271 0.892130 0.064583 0.217593
0 15 0.466406 0.576852 0.023438 0.112963
0 16 0.495573 0.564815 0.031771 0.151852
0 17 0.467187 0.611574 0.030208 0.154630
0 18 0.597396 0.597685 0.033333 0.145370
0 19 0.527344 0.563889 0.025521 0.135185
0 20 0.560937 0.568981 0.034375 0.152778
0 21 0.622396 0.593981 0.031250 0.149074
0 22 0.842187 0.714352 0.072917 0.210185
0 23 0.848698 0.703241 0.035937 0.199074
0 24 0.870573 0.702315 0.049479 0.191667
0 25 0.751563 0.687963 0.054167 0.187037
0 26 0.805208 0.680093 0.056250 0.189815
0 27 0.825260 0.667593 0.033854 0.175926
0 28 0.944010 0.733333 0.061979 0.187037
0 31 0.594271 0.886111 0.061458 0.225926
0 32 0.857812 0.672685 0.041667 0.173148
0 35 0.129948 0.861574 0.058854 0.245370
0 36 0.187240 0.879167 0.054688 0.243519
0 37 0.127865 0.918519 0.054688 0.164815
0 38 0.155469 0.809259 0.041146 0.203704
0 39 0.209896 0.825926 0.048958 0.227778
0 40 0.619271 0.712963 0.040625 0.188889
0 41 0.776823 0.728704 0.051562 0.203704
0 42 0.692187 0.725463 0.048958 0.204630
0 43 0.692708 0.723611 0.037500 0.180556
0 44 0.733073 0.721759 0.042188 0.173148
0 45 0.809896 0.761574 0.042708 0.130556
0 46 0.889062 0.765741 0.053125 0.168519
0 50 0.892708 0.745370 0.051042 0.198148
0 52 0.553125 0.513426 0.028125 0.106481
0 53 0.522135 0.506944 0.032813 0.126852
0 54 0.431510 0.508796 0.029687 0.134259
0 55 0.747656 0.584722 0.040104 0.160185
0 56 0.495312 0.491204 0.022917 0.091667
0 57 0.469792 0.485185 0.030208 0.107407
0 58 0.434635 0.478704 0.029687 0.112963
0 59 0.409896 0.480093 0.030208 0.112037
0 60 0.400521 0.476852 0.021875 0.107407
0 61 0.408333 0.465278 0.023958 0.110185
0 71 0.481771 0.481019 0.025000 0.104630
0 73 0.748698 0.428704 0.019271 0.074074
0 74 0.753125 0.429167 0.027083 0.082407
