0 1 0.266406 0.627778 0.046354 0.179630
0 2 0.326823 0.631481 0.042188 0.190741
0 3 0.373177 0.647685 0.036979 0.167593
0 7 0.533854 0.623148 0.035417 0.185185
0 8 0.558854 0.620833 0.031250 0.176852
0 9 0.751563 0.513426 0.023958 0.095370
0 10 0.603125 0.634722 0.036458 0.176852
0 12 0.707031 0.918519 0.059896 0.164815
0 13 0.639583 0.912037 0.068750 0.174074
0 15 0.465104 0.590278 0.023958 0.113889
0 16 0.490625 0.580556 0.034375 0.159259
0 17 0.476562 0.631481 0.032292 0.159259
0 18 0.645833 0.608333 0.034375 0.146296
0 19 0.539323 0.584259 0.025521 0.135185
0 20 0.590885 0.589352 0.036979 0.162037
0 21 0.671615 0.604167 0.031771 0.149074
0 23 0.933854 0.727315 0.050000 0.197222
0 25 0.816406 0.712500 0.050521 0.193519
0 26 0.838021 0.703704 0.051042 0.188889
0 27 0.843229 0.693981 0.034375 0.187963
0 31 0.568490 0.910648 0.060937 0.180556
0 32 0.877865 0.694907 0.042188 0.182407
0 35 0.160938 0.836574 0.056250 0.228704
0 36 0.214062 0.851852 0.055208 0.235185
0 37 0.157812 0.904167 0.057292 0.193519
0 38 0.105469 0.804630 0.038021 0.205556
0 39 0.121875 0.825926 0.056250 0.229630
0 40 0.562760 0.696759 0.044271 0.187963
0 41 0.743229 0.712500 0.045833 0.199074
0 42 0.630990 0.719444 0.048438 0.198148
0 43 0.647656 0.716667 0.036979 0.179630
0 44 0.665104 0.708796 0.046875 0.162037
0 45 0.771354 0.749537 0.034375 0.128704
0 46 0.789062 0.765741 0.036458 0.175926
0 50 0.805729 0.735185 0.046875 0.196296
0 52 0.563021 0.527315 0.028125 0.106481
0 53 0.531250 0.520370 0.034375 0.125926
0 54 0.436458 0.524074 0.030208 0.135185
0 55 0.690625 0.587500 0.040625 0.162037
0 56 0.510156 0.505556 0.023438 0.098148
0 57 0.481250 0.496296 0.030208 0.107407
0 58 0.448437 0.489352 0.029167 0.121296
0 59 0.422917 0.486111 0.030208 0.107407
0 60 0.403906 0.484722 0.025521 0.112037
0 61 0.443750 0.471759 0.023958 0.110185
0 62 0.411719 0.467593 0.023438 0.112963
0 63 0.400260 0.464352 0.022396 0.123148
0 71 0.491146 0.489352 0.025000 0.104630
0 73 0.750260 0.433333 0.019271 0.074074
0 74 0.751042 0.430093 0.027083 0.082407
