0 1 0.276042 0.635185 0.046875 0.190741
0 2 0.335938 0.640278 0.043750 0.189815
0 3 0.400000 0.653241 0.034375 0.178704
0 7 0.531771 0.619444 0.035417 0.181481
0 8 0.560417 0.614815 0.032292 0.175926
0 9 0.768229 0.505556 0.023958 0.094444
0 10 0.608854 0.628241 0.038542 0.169444
0 12 0.719010 0.906019 0.060937 0.189815
0 13 0.657552 0.901852 0.070312 0.198148
0 15 0.466406 0.581481 0.023438 0.112963
0 16 0.492708 0.572222 0.033333 0.155556
0 17 0.471875 0.620833 0.030208 0.154630
0 18 0.618229 0.600926 0.033333 0.146296
0 19 0.530469 0.569444 0.025521 0.135185
0 20 0.575781 0.577315 0.034896 0.162037
0 21 0.641406 0.599537 0.031771 0.149074
0 22 0.881771 0.717593 0.069792 0.218519
0 23 0.883854 0.709259 0.045833 0.198148
0 24 0.909375 0.712500 0.051042 0.195370
0 25 0.784896 0.695370 0.041667 0.187037
0 26 0.816927 0.691204 0.059896 0.193519
0 27 0.828906 0.680093 0.033854 0.187963
0 31 0.585156 0.895370 0.061979 0.207407
0 32 0.869271 0.681019 0.041667 0.180556
0 35 0.143490 0.850926 0.056771 0.240741
0 36 0.198958 0.867130 0.054167 0.237963
0 37 0.141667 0.911574 0.055208 0.178704
0 38 0.125781 0.806481 0.048438 0.203704
0 39 0.168229 0.825000 0.063542 0.220370
0 40 0.594531 0.708796 0.040104 0.187963
0 41 0.759896 0.722222 0.047917 0.203704
0 42 0.663542 0.720370 0.043750 0.205556
0 43 0.670052 0.718981 0.038021 0.178704
0 44 0.704167 0.714352 0.040625 0.171296
0 45 0.789844 0.755556 0.039062 0.129630
0 46 0.841667 0.762963 0.047917 0.170370
0 50 0.848177 0.737037 0.050521 0.198148
0 52 0.557292 0.518981 0.028125 0.106481
0 53 0.527083 0.512500 0.035417 0.126852
0 54 0.433594 0.514815 0.029687 0.135185
0 55 0.722396 0.583333 0.040625 0.161111
0 56 0.502344 0.499074 0.023438 0.098148
0 57 0.475000 0.485185 0.030208 0.107407
0 58 0.445312 0.482407 0.029167 0.112963
0 59 0.419792 0.481019 0.030208 0.104630
0 60 0.403906 0.481019 0.025521 0.112037
0 61 0.424740 0.468981 0.023438 0.110185
0 62 0.392188 0.462963 0.022917 0.112963
0 71 0.486979 0.485648 0.025000 0.104630
0 73 0.749219 0.430556 0.019271 0.074074
0 74 0.752083 0.430093 0.027083 0.082407
