0 1 0.269531 0.631019 0.046354 0.182407
0 2 0.329688 0.634259 0.042708 0.188889
0 3 0.380469 0.647222 0.043229 0.170370
0 7 0.532813 0.622222 0.035417 0.183333
0 8 0.559896 0.618056 0.031250 0.176852
0 9 0.756771 0.510648 0.023958 0.095370
0 10 0.603646 0.631944 0.037500 0.173148
0 12 0.713281 0.914352 0.056771 0.173148
0 13 0.645312 0.908333 0.071875 0.181481
0 15 0.466406 0.585185 0.023438 0.112963
0 16 0.490104 0.578704 0.034375 0.159259
0 17 0.475000 0.628704 0.030208 0.159259
0 18 0.636458 0.605556 0.034375 0.146296
0 19 0.536719 0.579630 0.025521 0.135185
0 20 0.585156 0.586574 0.033854 0.162037
0 21 0.660156 0.603241 0.031771 0.149074
0 22 0.918750 0.725463 0.060417 0.219444
0 23 0.914583 0.718981 0.055208 0.197222
0 24 0.941406 0.719907 0.060937 0.191667
0 25 0.807552 0.706944 0.048438 0.187963
0 26 0.824479 0.696296 0.054167 0.185185
0 27 0.838542 0.691204 0.034375 0.187963
0 31 0.574740 0.906481 0.060937 0.188889
0 32 0.874219 0.690741 0.042188 0.181481
0 35 0.155208 0.840741 0.056250 0.233333
0 36 0.210156 0.856944 0.054688 0.237963
0 37 0.152604 0.907407 0.055208 0.187037
0 38 0.110156 0.807407 0.042188 0.203704
0 39 0.132292 0.827778 0.067708 0.224074
0 40 0.572396 0.700463 0.043750 0.187963
0 41 0.746875 0.715278 0.045833 0.199074
0 42 0.640104 0.719444 0.055208 0.198148
0 43 0.653385 0.718056 0.038021 0.178704
0 44 0.677083 0.709722 0.043750 0.165741
0 45 0.776302 0.751389 0.033854 0.128704
0 46 0.804688 0.762963 0.052083 0.175926
0 50 0.817708 0.736111 0.046875 0.198148
0 52 0.561198 0.524537 0.027604 0.106481
0 53 0.530208 0.518056 0.035417 0.126852
0 54 0.435417 0.521296 0.030208 0.135185
0 55 0.700521 0.586111 0.040625 0.161111
0 56 0.507552 0.503704 0.023438 0.098148
0 57 0.480208 0.493519 0.030208 0.107407
0 58 0.446875 0.487500 0.029167 0.119444
0 59 0.423438 0.484722 0.030208 0.104630
0 60 0.403906 0.483796 0.025521 0.112037
0 61 0.436979 0.471759 0.023958 0.110185
0 62 0.405208 0.466667 0.022917 0.112963
0 63 0.395313 0.462963 0.022917 0.124074
0 71 0.488542 0.487500 0.025000 0.104630
0 73 0.749740 0.432407 0.019271 0.074074
0 74 0.751563 0.430093 0.027083 0.082407
