0 1 0.267969 0.630093 0.046354 0.180556
0 2 0.328646 0.632870 0.042708 0.189815
0 3 0.378385 0.647222 0.041146 0.168519
0 7 0.533333 0.622685 0.035417 0.184259
0 8 0.559375 0.618981 0.031250 0.176852
0 9 0.754687 0.512037 0.023958 0.096296
0 10 0.603385 0.632870 0.036979 0.175000
0 12 0.710677 0.915741 0.057813 0.170370
0 13 0.643229 0.909722 0.070833 0.178704
0 15 0.465885 0.587037 0.023438 0.112963
0 16 0.490104 0.579630 0.034375 0.159259
0 17 0.475781 0.629630 0.030729 0.159259
0 18 0.640104 0.607407 0.034375 0.146296
0 19 0.537760 0.581481 0.025521 0.135185
0 20 0.587240 0.587500 0.034896 0.162037
0 21 0.664323 0.603241 0.031771 0.149074
0 22 0.927865 0.728241 0.065104 0.221296
0 23 0.922396 0.722685 0.053125 0.197222
0 24 0.946875 0.721296 0.062500 0.190741
0 25 0.811198 0.709259 0.049479 0.190741
0 26 0.831510 0.700463 0.051562 0.186111
0 27 0.840625 0.692130 0.034375 0.187963
0 31 0.572135 0.907870 0.060937 0.186111
0 32 0.875260 0.692593 0.042188 0.181481
0 35 0.157292 0.838889 0.056250 0.231481
0 36 0.212240 0.855093 0.054688 0.237963
0 37 0.154688 0.906019 0.056250 0.189815
0 38 0.108594 0.805556 0.039062 0.203704
0 39 0.128125 0.826852 0.063542 0.225926
0 40 0.568490 0.698611 0.044271 0.187963
0 41 0.745313 0.713426 0.045833 0.199074
0 42 0.636458 0.719444 0.052083 0.198148
0 43 0.651042 0.717130 0.037500 0.178704
0 44 0.672396 0.709259 0.044792 0.164815
0 45 0.774219 0.750463 0.033854 0.128704
0 46 0.798438 0.763889 0.045833 0.175926
0 50 0.813021 0.735648 0.046875 0.197222
0 52 0.561719 0.525463 0.027604 0.106481
0 53 0.530469 0.518981 0.034896 0.126852
0 54 0.435937 0.523148 0.030208 0.135185
0 55 0.696875 0.587037 0.040625 0.161111
0 56 0.508594 0.504630 0.023438 0.098148
0 57 0.480729 0.494444 0.030208 0.107407
0 58 0.446875 0.488426 0.029167 0.121296
0 59 0.422917 0.485185 0.030208 0.105556
0 60 0.403906 0.483796 0.025521 0.112037
0 61 0.439583 0.471759 0.023958 0.110185
0 62 0.407292 0.466667 0.022917 0.112963
0 63 0.397396 0.463889 0.022917 0.124074
0 71 0.489583 0.488426 0.025000 0.104630
0 73 0.749740 0.432407 0.019271 0.074074
0 74 0.751042 0.430093 0.027083 0.082407
