0 1 0.285677 0.680556 0.053646 0.198148
0 2 0.343229 0.683333 0.044792 0.207407
0 3 0.422917 0.673611 0.036458 0.182407
0 5 0.209115 0.940741 0.077604 0.120370
0 6 0.304167 0.944907 0.062500 0.112037
0 7 0.530469 0.619444 0.041146 0.179630
0 8 0.559115 0.618981 0.033854 0.175000
0 9 0.793229 0.518981 0.025000 0.093519
0 10 0.623177 0.643056 0.036979 0.178704
0 12 0.733594 0.857870 0.051562 0.252778
0 13 0.679688 0.851852 0.059375 0.248148
0 15 0.459115 0.562037 0.023438 0.112963
0 16 0.489063 0.545370 0.031250 0.146296
0 17 0.449740 0.593981 0.029687 0.143519
0 18 0.537240 0.576852 0.033854 0.146296
0 19 0.513021 0.550000 0.026042 0.135185
0 20 0.534635 0.549074 0.029687 0.142593
0 21 0.568229 0.573611 0.033333 0.141667
0 22 0.682031 0.696759 0.046354 0.204630
0 23 0.702083 0.691667 0.041667 0.190741
0 24 0.723698 0.688889 0.042188 0.175926
0 25 0.615885 0.666204 0.039062 0.175000
0 26 0.760677 0.653704 0.036979 0.174074
0 27 0.775521 0.647685 0.031250 0.162037
0 28 0.792188 0.714815 0.053125 0.185185
0 29 0.821094 0.725926 0.033854 0.140741
0 30 0.920833 0.716204 0.061458 0.199074
0 31 0.609375 0.851852 0.056250 0.262963
0 32 0.808073 0.644907 0.040104 0.171296
0 33 0.887500 0.698148 0.046875 0.198148
0 35 0.072917 0.889815 0.058333 0.218519
0 36 0.126562 0.904167 0.055208 0.193519
0 37 0.069271 0.952315 0.054167 0.095370
0 38 0.248177 0.812963 0.048438 0.203704
0 39 0.386979 0.828704 0.069792 0.224074
0 40 0.716667 0.752778 0.040625 0.205556
0 41 0.899479 0.756019 0.058333 0.206481
0 42 0.806771 0.744444 0.056250 0.212963
0 43 0.801823 0.739815 0.044271 0.196296
0 44 0.837240 0.739352 0.046354 0.173148
0 45 0.929688 0.779167 0.042708 0.132407
0 52 0.516406 0.502315 0.032813 0.106481
0 53 0.491146 0.495833 0.032292 0.123148
0 54 0.415365 0.495370 0.029687 0.125926
0 55 0.822656 0.562963 0.030729 0.140741
0 56 0.443229 0.487963 0.023958 0.090741
0 57 0.428385 0.476852 0.025521 0.101852
0 58 0.383854 0.467593 0.029167 0.105556
0 71 0.430729 0.481019 0.025000 0.112037
0 73 0.746354 0.434259 0.018750 0.074074
0 74 0.754948 0.432870 0.027604 0.084259
