0 1 0.287240 0.679630 0.052604 0.198148
0 2 0.343229 0.679630 0.044792 0.207407
0 3 0.425260 0.670370 0.038021 0.181481
0 5 0.203385 0.943981 0.076563 0.113889
0 6 0.300781 0.947685 0.065104 0.106481
0 7 0.530729 0.617593 0.040625 0.179630
0 8 0.558333 0.617130 0.034375 0.173148
0 9 0.793750 0.517130 0.025000 0.093519
0 10 0.623177 0.641204 0.036979 0.178704
0 12 0.734375 0.862037 0.052083 0.253704
0 13 0.678125 0.856481 0.059375 0.248148
0 15 0.459635 0.562963 0.023438 0.112963
0 16 0.490104 0.546296 0.031250 0.146296
0 17 0.451562 0.594907 0.030208 0.143519
0 18 0.541406 0.576852 0.033854 0.146296
0 19 0.513542 0.550926 0.026042 0.135185
0 20 0.534896 0.549537 0.030208 0.143519
0 21 0.572656 0.574537 0.032813 0.141667
0 22 0.693750 0.701852 0.045833 0.205556
0 23 0.714844 0.692593 0.042188 0.190741
0 24 0.736198 0.688889 0.042188 0.177778
0 25 0.625260 0.668519 0.045312 0.175926
0 26 0.766927 0.653241 0.039062 0.171296
0 27 0.780729 0.647222 0.031250 0.164815
0 28 0.801823 0.715741 0.051562 0.185185
0 29 0.832552 0.726852 0.035937 0.140741
0 30 0.936979 0.714352 0.060417 0.199074
0 31 0.607292 0.855556 0.056250 0.262963
0 32 0.813802 0.644907 0.040104 0.171296
0 33 0.895312 0.698611 0.045833 0.197222
0 35 0.077083 0.887500 0.058333 0.223148
0 36 0.132812 0.902315 0.055208 0.197222
0 37 0.073698 0.949074 0.054688 0.101852
0 38 0.238542 0.812037 0.046875 0.203704
0 39 0.367188 0.825926 0.059375 0.225926
0 40 0.706510 0.747685 0.040104 0.204630
0 41 0.887760 0.748611 0.045312 0.206481
0 42 0.792708 0.742130 0.047917 0.212037
0 43 0.791927 0.737963 0.042188 0.196296
0 44 0.827604 0.738426 0.045833 0.173148
0 45 0.919271 0.778241 0.042708 0.132407
0 52 0.520052 0.501389 0.031771 0.106481
0 53 0.494271 0.494907 0.032292 0.123148
0 54 0.416927 0.496296 0.029687 0.125926
0 55 0.817448 0.565741 0.030729 0.140741
0 56 0.448958 0.487963 0.023958 0.090741
0 57 0.433333 0.476852 0.026042 0.101852
0 58 0.388542 0.468519 0.029167 0.109259
0 71 0.435417 0.479167 0.025000 0.112037
0 73 0.746875 0.433333 0.018750 0.074074
0 74 0.755729 0.430556 0.027083 0.083333
