0 1 0.255990 0.620370 0.046354 0.179630
0 2 0.314063 0.620833 0.039583 0.187963
0 3 0.344531 0.645370 0.038021 0.168519
0 7 0.537240 0.625000 0.034896 0.187037
0 8 0.569531 0.625926 0.031771 0.179630
0 9 0.741146 0.515741 0.023958 0.096296
0 10 0.607031 0.636574 0.035937 0.178704
0 12 0.696875 0.931019 0.063542 0.139815
0 13 0.628906 0.928241 0.070312 0.143519
0 15 0.461198 0.608796 0.025521 0.117593
0 16 0.491406 0.587963 0.033854 0.159259
0 17 0.484375 0.640278 0.036458 0.160185
0 18 0.677083 0.613889 0.034375 0.146296
0 19 0.564583 0.594444 0.027083 0.137037
0 20 0.613021 0.600000 0.042708 0.162963
0 21 0.704948 0.612500 0.031771 0.149074
0 25 0.850521 0.727315 0.037500 0.204630
0 26 0.875260 0.715278 0.049479 0.195370
0 27 0.859896 0.705093 0.034375 0.187963
0 31 0.554948 0.925463 0.060937 0.150926
0 32 0.899479 0.711574 0.042708 0.187963
0 35 0.177344 0.826852 0.054688 0.238889
0 36 0.225521 0.837037 0.053125 0.225926
0 37 0.177083 0.894907 0.062500 0.212037
0 38 0.101042 0.806944 0.037500 0.210185
0 39 0.107552 0.829630 0.041146 0.238889
0 40 0.534115 0.686574 0.040104 0.187963
0 41 0.747917 0.700463 0.044792 0.189815
0 42 0.616406 0.718056 0.042188 0.200926
0 43 0.634896 0.720370 0.036458 0.179630
0 44 0.627604 0.699537 0.036458 0.162037
0 45 0.775000 0.743981 0.034375 0.128704
0 46 0.746094 0.750926 0.047396 0.168519
0 50 0.774740 0.732407 0.040104 0.196296
0 52 0.569792 0.537963 0.030208 0.109259
0 53 0.539844 0.531481 0.035937 0.125926
0 54 0.441667 0.533333 0.030208 0.135185
0 55 0.659375 0.591667 0.040625 0.162963
0 56 0.519271 0.512500 0.019792 0.099074
0 57 0.490104 0.502778 0.030208 0.107407
0 58 0.457292 0.496759 0.029167 0.121296
0 59 0.425521 0.494444 0.030208 0.112963
0 60 0.404687 0.493519 0.026042 0.112963
0 61 0.464062 0.475926 0.025000 0.109259
0 62 0.434635 0.474074 0.023438 0.112963
0 63 0.421354 0.469907 0.021875 0.123148
0 64 0.406510 0.475926 0.023438 0.112963
0 71 0.499479 0.494907 0.025000 0.104630
0 73 0.751042 0.436111 0.019792 0.074074
0 74 0.754687 0.431944 0.027083 0.082407
