0 1 0.261719 0.623148 0.046354 0.179630
0 2 0.320052 0.624074 0.040104 0.192593
0 3 0.355729 0.649074 0.037500 0.170370
0 7 0.535937 0.624537 0.035417 0.187963
0 8 0.564583 0.623148 0.031250 0.177778
0 9 0.745313 0.514815 0.023958 0.096296
0 10 0.604427 0.636574 0.035937 0.178704
0 12 0.698958 0.925000 0.063542 0.151852
0 13 0.630990 0.920370 0.066146 0.159259
0 15 0.463021 0.600463 0.025000 0.115741
0 16 0.492188 0.584259 0.034375 0.159259
0 17 0.479687 0.635185 0.036458 0.159259
0 18 0.663542 0.611111 0.034375 0.146296
0 19 0.551823 0.590278 0.026562 0.136111
0 20 0.601302 0.593981 0.042188 0.162037
0 21 0.690885 0.608796 0.031771 0.149074
0 25 0.835417 0.721296 0.044792 0.200000
0 26 0.854427 0.711111 0.050521 0.196296
0 27 0.851042 0.699537 0.034375 0.187963
0 31 0.559115 0.918519 0.060937 0.164815
0 32 0.887500 0.703704 0.041667 0.187037
0 35 0.170052 0.831019 0.055729 0.234259
0 36 0.220312 0.843519 0.055208 0.227778
0 37 0.167969 0.898611 0.060937 0.204630
0 38 0.100000 0.806944 0.037500 0.210185
0 39 0.107031 0.825463 0.040104 0.237963
0 40 0.546354 0.690278 0.039583 0.187963
0 41 0.745833 0.704630 0.045833 0.192593
0 42 0.621875 0.719907 0.043750 0.199074
0 43 0.639062 0.717593 0.036458 0.179630
0 44 0.644010 0.703241 0.040104 0.162037
0 45 0.772917 0.746759 0.034375 0.128704
0 46 0.766146 0.754630 0.040625 0.170370
0 50 0.786719 0.735185 0.042188 0.196296
0 52 0.566927 0.533333 0.029687 0.107407
0 53 0.534115 0.525000 0.033854 0.125926
0 54 0.438021 0.528704 0.030208 0.135185
0 55 0.672917 0.590278 0.040625 0.162037
0 56 0.515625 0.509259 0.022917 0.098148
0 57 0.485938 0.500000 0.030208 0.107407
0 58 0.453646 0.492130 0.029167 0.121296
0 59 0.422396 0.490278 0.029167 0.112037
0 60 0.403906 0.488426 0.025521 0.112037
0 61 0.456771 0.471759 0.023958 0.110185
0 62 0.425521 0.472222 0.023958 0.112963
0 63 0.410938 0.467130 0.021875 0.123148
0 64 0.397135 0.473611 0.023438 0.112037
0 71 0.497396 0.493056 0.025000 0.104630
0 73 0.750521 0.434259 0.019792 0.074074
0 74 0.752604 0.431019 0.027083 0.082407
