0 1 0.286719 0.657407 0.052604 0.192593
0 2 0.343490 0.660648 0.044271 0.202778
0 3 0.433854 0.657407 0.038542 0.174074
0 5 0.185417 0.960648 0.061458 0.078704
0 6 0.285417 0.966204 0.063542 0.069444
0 7 0.531250 0.611111 0.036458 0.179630
0 8 0.561979 0.611111 0.034375 0.174074
0 9 0.791667 0.509259 0.023958 0.092593
0 10 0.621615 0.632870 0.036979 0.173148
0 12 0.727604 0.876389 0.056250 0.247222
0 13 0.676823 0.877315 0.063021 0.243519
0 15 0.462760 0.566667 0.023438 0.112963
0 16 0.493750 0.552778 0.030208 0.146296
0 17 0.456771 0.598148 0.030208 0.144444
0 18 0.563542 0.581481 0.034375 0.142593
0 19 0.519792 0.555556 0.026042 0.135185
0 20 0.540104 0.554167 0.032292 0.145370
0 21 0.591146 0.582407 0.031250 0.148148
0 22 0.762760 0.704630 0.052604 0.205556
0 23 0.771875 0.697222 0.042708 0.190741
0 24 0.800521 0.695833 0.045833 0.184259
0 25 0.685417 0.676852 0.046875 0.179630
0 26 0.784896 0.656944 0.041667 0.167593
0 27 0.805990 0.658796 0.031771 0.167593
0 28 0.865625 0.720370 0.057292 0.187037
0 29 0.890625 0.731944 0.037500 0.143519
0 31 0.598437 0.872685 0.056250 0.256481
0 32 0.833594 0.651389 0.041146 0.173148
0 33 0.960417 0.701852 0.042708 0.200000
0 35 0.102865 0.878704 0.065104 0.242593
0 36 0.162500 0.891667 0.055208 0.218519
0 37 0.097656 0.933796 0.054688 0.134259
0 38 0.200260 0.805093 0.052604 0.204630
0 39 0.295833 0.823148 0.071875 0.220370
0 40 0.661198 0.723611 0.040104 0.193519
0 41 0.829948 0.744907 0.056771 0.206481
0 42 0.739583 0.734722 0.048958 0.212037
0 43 0.744792 0.732407 0.036458 0.185185
0 44 0.780208 0.733333 0.046875 0.175926
0 45 0.866146 0.768056 0.042708 0.132407
0 46 0.953646 0.768056 0.047917 0.167593
0 50 0.965104 0.756019 0.042708 0.212037
0 52 0.537500 0.503241 0.028125 0.106481
0 53 0.507031 0.499074 0.031771 0.125926
0 54 0.426302 0.500000 0.029687 0.125926
0 55 0.789062 0.572685 0.032292 0.139815
0 56 0.473438 0.486111 0.022917 0.090741
0 57 0.452344 0.481481 0.025521 0.101852
0 58 0.408854 0.473148 0.029167 0.112963
0 59 0.386979 0.469907 0.025000 0.112037
0 71 0.460938 0.471759 0.025000 0.104630
0 73 0.750000 0.427778 0.018750 0.074074
0 74 0.755208 0.428241 0.027083 0.082407
