0 1 0.260677 0.623148 0.046354 0.179630
0 2 0.319010 0.623148 0.040104 0.192593
0 3 0.353906 0.648148 0.038021 0.170370
0 7 0.535937 0.624537 0.035417 0.187963
0 8 0.565365 0.623611 0.031771 0.178704
0 9 0.744271 0.514815 0.023958 0.096296
0 10 0.604948 0.636574 0.035937 0.178704
0 12 0.698438 0.925926 0.063542 0.150000
0 13 0.630729 0.921296 0.066667 0.157407
0 15 0.462500 0.601852 0.025000 0.116667
0 16 0.492188 0.584722 0.034375 0.160185
0 17 0.480208 0.636111 0.036458 0.159259
0 18 0.665625 0.611111 0.034375 0.146296
0 19 0.553646 0.591204 0.026042 0.136111
0 20 0.602604 0.594907 0.042708 0.162037
0 21 0.692969 0.608796 0.031771 0.149074
0 25 0.837760 0.721759 0.043229 0.200926
0 26 0.857292 0.711111 0.050000 0.196296
0 27 0.851562 0.700463 0.034375 0.187963
0 31 0.558594 0.919444 0.060937 0.162963
0 32 0.889062 0.705093 0.041667 0.187963
0 35 0.171094 0.830556 0.055729 0.235185
0 36 0.221354 0.843056 0.055208 0.226852
0 37 0.168750 0.898148 0.061458 0.205556
0 38 0.100000 0.806944 0.037500 0.210185
0 39 0.106771 0.826389 0.039583 0.237963
0 40 0.544531 0.689352 0.039062 0.187963
0 41 0.746354 0.703704 0.045833 0.192593
0 42 0.621094 0.720833 0.043229 0.199074
0 43 0.638021 0.718519 0.036458 0.179630
0 44 0.641667 0.702315 0.039583 0.162037
0 45 0.772917 0.746759 0.034375 0.128704
0 46 0.763021 0.753704 0.041667 0.170370
0 50 0.784635 0.735185 0.041146 0.196296
0 52 0.567448 0.534259 0.029687 0.107407
0 53 0.534896 0.525926 0.034375 0.125926
0 54 0.438542 0.528704 0.030208 0.135185
0 55 0.670833 0.590278 0.040625 0.162037
0 56 0.516146 0.509722 0.021875 0.099074
0 57 0.486458 0.500000 0.030208 0.107407
0 58 0.454167 0.492130 0.029167 0.121296
0 59 0.422396 0.490741 0.029167 0.112963
0 60 0.403906 0.488889 0.025521 0.112963
0 61 0.458333 0.471759 0.023958 0.110185
0 62 0.427083 0.472222 0.023958 0.112963
0 63 0.412500 0.467130 0.021875 0.123148
0 64 0.398698 0.473611 0.023438 0.112037
0 71 0.497396 0.493056 0.025000 0.104630
0 73 0.750781 0.435185 0.019271 0.074074
0 74 0.753125 0.431019 0.027083 0.082407
