0 1 0.269010 0.630556 0.046354 0.181481
0 2 0.329167 0.633796 0.042708 0.189815
0 3 0.379427 0.647222 0.042188 0.170370
0 7 0.532813 0.622685 0.035417 0.184259
0 8 0.559375 0.618519 0.031250 0.175926
0 9 0.755729 0.511574 0.023958 0.095370
0 10 0.603646 0.632407 0.037500 0.174074
0 12 0.711979 0.914815 0.057292 0.172222
0 13 0.644531 0.909259 0.071354 0.179630
0 15 0.466406 0.586111 0.023438 0.112963
0 16 0.490104 0.579630 0.034375 0.159259
0 17 0.475521 0.629630 0.030208 0.159259
0 18 0.638021 0.606481 0.034375 0.146296
0 19 0.537240 0.580556 0.025521 0.135185
0 20 0.585938 0.586574 0.034375 0.162037
0 21 0.662240 0.603241 0.031771 0.149074
0 22 0.923177 0.726852 0.063021 0.220370
0 23 0.918229 0.720833 0.054167 0.197222
0 24 0.944010 0.720833 0.061979 0.191667
0 25 0.809375 0.708333 0.048958 0.188889
0 26 0.827865 0.698148 0.052604 0.185185
0 27 0.839583 0.692130 0.034375 0.187963
0 31 0.573698 0.907407 0.060937 0.187037
0 32 0.874740 0.691667 0.042188 0.181481
0 35 0.156250 0.839815 0.056250 0.231481
0 36 0.211198 0.856019 0.054688 0.237963
0 37 0.153385 0.906481 0.055729 0.188889
0 38 0.109375 0.806481 0.040625 0.203704
0 39 0.130208 0.827315 0.065625 0.225000
0 40 0.570312 0.699537 0.043750 0.187963
0 41 0.746354 0.714352 0.045833 0.199074
0 42 0.638281 0.719444 0.053646 0.198148
0 43 0.652083 0.717593 0.037500 0.179630
0 44 0.674740 0.709259 0.044271 0.164815
0 45 0.775260 0.751389 0.033854 0.128704
0 46 0.801562 0.762963 0.048958 0.175926
0 50 0.815365 0.735648 0.046354 0.197222
0 52 0.561198 0.524537 0.027604 0.106481
0 53 0.530208 0.518056 0.035417 0.126852
0 54 0.435417 0.522222 0.030208 0.135185
0 55 0.698958 0.586574 0.040625 0.162037
0 56 0.508073 0.503704 0.023438 0.098148
0 57 0.480208 0.494444 0.030208 0.107407
0 58 0.446875 0.487963 0.029167 0.120370
0 59 0.422917 0.484722 0.030208 0.104630
0 60 0.403906 0.483796 0.025521 0.112037
0 61 0.438021 0.471759 0.023958 0.110185
0 62 0.406250 0.466667 0.022917 0.112963
0 63 0.396354 0.463426 0.022917 0.123148
0 71 0.489063 0.488426 0.025000 0.104630
0 73 0.749740 0.432407 0.019271 0.074074
0 74 0.751042 0.430093 0.027083 0.082407
