0 1 0.278646 0.637963 0.046875 0.190741
0 2 0.337500 0.641667 0.043750 0.192593
0 3 0.404167 0.653241 0.037500 0.176852
0 7 0.531771 0.618519 0.035417 0.181481
0 8 0.560156 0.614352 0.032813 0.176852
0 9 0.771354 0.504167 0.023958 0.093519
0 10 0.610938 0.627315 0.038542 0.169444
0 12 0.720052 0.902778 0.060937 0.194444
0 13 0.661198 0.899074 0.067187 0.203704
0 15 0.466406 0.580556 0.023438 0.112963
0 16 0.493490 0.569907 0.032813 0.154630
0 17 0.470313 0.618056 0.030208 0.154630
0 18 0.613021 0.600000 0.033333 0.146296
0 19 0.529687 0.567593 0.026042 0.135185
0 20 0.573438 0.575463 0.035417 0.162037
0 21 0.636719 0.598611 0.031771 0.149074
0 22 0.872917 0.715741 0.068750 0.214815
0 23 0.875000 0.707407 0.042708 0.198148
0 24 0.899219 0.709722 0.048438 0.195370
0 25 0.774740 0.694444 0.049479 0.187037
0 26 0.814844 0.687500 0.064062 0.189815
0 27 0.826562 0.677315 0.033333 0.187963
0 31 0.587500 0.892593 0.062500 0.212963
0 32 0.866146 0.679167 0.041667 0.178704
0 35 0.140365 0.853704 0.056771 0.244444
0 36 0.195833 0.869444 0.054167 0.238889
0 37 0.138802 0.912963 0.054688 0.175926
0 38 0.132292 0.806019 0.051042 0.204630
0 39 0.181250 0.827778 0.078125 0.220370
0 40 0.600781 0.710648 0.040104 0.187963
0 41 0.763021 0.724074 0.051042 0.203704
0 42 0.670052 0.722222 0.046354 0.205556
0 43 0.674740 0.718981 0.038021 0.178704
0 44 0.711458 0.716204 0.041667 0.171296
0 45 0.793490 0.756481 0.041146 0.129630
0 46 0.851302 0.762500 0.050521 0.167593
0 50 0.856771 0.737037 0.052083 0.198148
0 52 0.556250 0.518056 0.028125 0.106481
0 53 0.525781 0.511574 0.034896 0.126852
0 54 0.433073 0.512963 0.029687 0.135185
0 55 0.728646 0.582870 0.040625 0.160185
0 56 0.500781 0.498148 0.023438 0.098148
0 57 0.473438 0.485185 0.030208 0.107407
0 58 0.443229 0.481481 0.029167 0.112963
0 59 0.418229 0.480556 0.030208 0.105556
0 60 0.403906 0.481019 0.025521 0.112037
0 61 0.421615 0.468056 0.023438 0.110185
0 71 0.486458 0.484722 0.025000 0.104630
0 73 0.749219 0.430556 0.019271 0.074074
0 74 0.752604 0.430093 0.027083 0.082407
