0 1 0.280208 0.638889 0.046875 0.190741
0 2 0.338542 0.643056 0.043750 0.193519
0 3 0.405729 0.654167 0.037500 0.175000
0 7 0.531771 0.617593 0.035417 0.181481
0 8 0.560156 0.614352 0.032813 0.176852
0 9 0.772917 0.504167 0.023958 0.093519
0 10 0.612500 0.626852 0.038542 0.168519
0 12 0.720052 0.900463 0.059896 0.199074
0 13 0.663542 0.897222 0.064583 0.207407
0 15 0.466406 0.579630 0.023438 0.112963
0 16 0.493750 0.568519 0.032292 0.153704
0 17 0.469792 0.617130 0.030208 0.154630
0 18 0.609375 0.599074 0.033333 0.146296
0 19 0.529167 0.566667 0.026042 0.135185
0 20 0.570573 0.573611 0.034896 0.160185
0 21 0.633333 0.597685 0.031250 0.149074
0 22 0.866927 0.714352 0.068229 0.212037
0 23 0.869010 0.706481 0.041146 0.198148
0 24 0.891927 0.707870 0.046354 0.195370
0 25 0.767969 0.693981 0.054688 0.187963
0 26 0.814063 0.685648 0.066667 0.187963
0 27 0.826042 0.675000 0.033333 0.185185
0 28 0.967448 0.736111 0.057813 0.187037
0 31 0.589323 0.890741 0.063021 0.216667
0 32 0.864062 0.677778 0.041667 0.177778
0 35 0.138281 0.856019 0.056771 0.245370
0 36 0.193750 0.872222 0.054167 0.240741
0 37 0.136719 0.913889 0.054688 0.174074
0 38 0.136979 0.806019 0.053125 0.204630
0 39 0.184896 0.826852 0.076042 0.222222
0 40 0.605208 0.712037 0.040625 0.187037
0 41 0.765104 0.725000 0.053125 0.203704
0 42 0.674219 0.723148 0.048438 0.205556
0 43 0.677865 0.718981 0.038021 0.178704
0 44 0.716146 0.717130 0.041667 0.171296
0 45 0.796354 0.757407 0.042708 0.129630
0 46 0.858073 0.762963 0.052604 0.164815
0 50 0.864062 0.738889 0.052083 0.198148
0 52 0.555729 0.517130 0.028125 0.106481
0 53 0.525000 0.510648 0.034375 0.126852
0 54 0.432552 0.512037 0.029687 0.135185
0 55 0.732812 0.582870 0.040625 0.160185
0 56 0.499740 0.496759 0.023438 0.097222
0 57 0.472917 0.485185 0.030208 0.107407
0 58 0.441146 0.480556 0.029167 0.112963
0 59 0.416146 0.480556 0.030208 0.107407
0 60 0.402865 0.479630 0.024479 0.111111
0 61 0.419531 0.468056 0.023438 0.110185
0 71 0.485417 0.483796 0.025000 0.104630
0 73 0.748958 0.429630 0.018750 0.074074
0 74 0.752604 0.430093 0.027083 0.082407
