0 1 0.286979 0.659259 0.053125 0.194444
0 2 0.343490 0.664352 0.044271 0.204630
0 3 0.432031 0.661574 0.035937 0.182407
0 5 0.189844 0.957870 0.064062 0.084259
0 6 0.284896 0.963426 0.069792 0.075000
0 7 0.531250 0.612037 0.037500 0.179630
0 8 0.560937 0.612037 0.034375 0.174074
0 9 0.792708 0.510185 0.023958 0.092593
0 10 0.621615 0.634259 0.036979 0.174074
0 12 0.729167 0.874074 0.054167 0.251852
0 13 0.676823 0.874537 0.063021 0.247222
0 15 0.462240 0.565741 0.023438 0.112963
0 16 0.494010 0.551852 0.029687 0.146296
0 17 0.455208 0.596759 0.030208 0.143519
0 18 0.560417 0.581019 0.034375 0.143519
0 19 0.518750 0.554630 0.026042 0.135185
0 20 0.537760 0.552315 0.031771 0.145370
0 21 0.588542 0.581019 0.031250 0.147222
0 22 0.750260 0.703704 0.053646 0.205556
0 23 0.763542 0.696296 0.042708 0.190741
0 24 0.791667 0.694907 0.046875 0.184259
0 25 0.676823 0.676389 0.049479 0.180556
0 26 0.782813 0.656019 0.041667 0.167593
0 27 0.802344 0.656944 0.031771 0.167593
0 28 0.856250 0.718981 0.056250 0.186111
0 29 0.881771 0.730093 0.037500 0.141667
0 31 0.599479 0.869907 0.056250 0.258333
0 32 0.831510 0.650000 0.041146 0.172222
0 33 0.948698 0.701852 0.044271 0.198148
0 35 0.098958 0.880093 0.063542 0.239815
0 36 0.158594 0.893519 0.054688 0.214815
0 37 0.093750 0.936574 0.055208 0.128704
0 38 0.204167 0.805093 0.055208 0.204630
0 39 0.306250 0.820370 0.066667 0.220370
0 40 0.667188 0.726389 0.040625 0.193519
0 41 0.838281 0.744907 0.048438 0.206481
0 42 0.747656 0.735648 0.048438 0.212037
0 43 0.751563 0.733333 0.036458 0.187037
0 44 0.787500 0.734722 0.046875 0.175000
0 45 0.874479 0.768981 0.042708 0.132407
0 46 0.961979 0.770370 0.047917 0.166667
0 50 0.972135 0.752778 0.044271 0.211111
0 52 0.534896 0.501389 0.028125 0.106481
0 53 0.505469 0.497685 0.031771 0.125000
0 54 0.424740 0.500000 0.029687 0.125926
0 55 0.794271 0.571759 0.032292 0.139815
0 56 0.470313 0.485185 0.022917 0.090741
0 57 0.450000 0.480556 0.026042 0.101852
0 58 0.405729 0.471296 0.029167 0.112963
0 71 0.457292 0.472222 0.025000 0.105556
0 73 0.750000 0.427778 0.018750 0.074074
0 74 0.755208 0.428241 0.027083 0.082407
