0 1 0.287240 0.671296 0.052604 0.198148
0 2 0.343229 0.675926 0.044792 0.207407
0 3 0.425781 0.668981 0.035937 0.182407
0 5 0.201563 0.945370 0.071875 0.109259
0 6 0.294792 0.950926 0.071875 0.100000
0 7 0.530729 0.616667 0.039583 0.179630
0 8 0.557292 0.615278 0.034375 0.171296
0 9 0.794010 0.515278 0.024479 0.093519
0 10 0.622656 0.639815 0.036979 0.177778
0 12 0.734896 0.864352 0.052083 0.254630
0 13 0.677083 0.862037 0.056250 0.248148
0 15 0.460156 0.562963 0.023438 0.112963
0 16 0.491406 0.547222 0.029687 0.146296
0 17 0.453125 0.596759 0.030208 0.143519
0 18 0.545573 0.577778 0.033854 0.146296
0 19 0.514062 0.552778 0.026042 0.135185
0 20 0.534896 0.549537 0.030208 0.143519
0 21 0.577083 0.575926 0.032292 0.142593
0 22 0.707031 0.702778 0.045312 0.205556
0 23 0.727344 0.693981 0.042188 0.189815
0 24 0.748958 0.689815 0.042708 0.179630
0 25 0.635677 0.670833 0.051562 0.176852
0 26 0.773177 0.652778 0.041146 0.168519
0 27 0.785937 0.647222 0.031250 0.166667
0 28 0.814844 0.715741 0.052604 0.185185
0 29 0.844271 0.728241 0.038542 0.139815
0 30 0.953385 0.712500 0.059896 0.199074
0 31 0.605208 0.859259 0.056250 0.262963
0 32 0.819010 0.645833 0.040104 0.171296
0 33 0.905729 0.699074 0.045833 0.196296
0 35 0.082292 0.885648 0.059375 0.226852
0 36 0.139063 0.900463 0.055208 0.200926
0 37 0.077865 0.946296 0.054688 0.107407
0 38 0.231510 0.811574 0.043229 0.204630
0 39 0.350521 0.825463 0.060417 0.225000
0 40 0.695573 0.742130 0.040104 0.204630
0 41 0.873437 0.745833 0.052083 0.206481
0 42 0.783594 0.740278 0.048438 0.212037
0 43 0.782031 0.737037 0.039062 0.196296
0 44 0.818490 0.738426 0.046354 0.173148
0 45 0.908854 0.774537 0.042708 0.132407
0 52 0.523698 0.501389 0.030729 0.106481
0 53 0.497396 0.493981 0.032292 0.123148
0 54 0.418490 0.497222 0.029687 0.125926
0 55 0.811979 0.568056 0.030208 0.139815
0 56 0.454688 0.487037 0.023958 0.090741
0 57 0.438281 0.476852 0.025521 0.101852
0 58 0.393229 0.470370 0.029167 0.112963
0 71 0.440104 0.477315 0.025000 0.112037
0 73 0.747917 0.432407 0.018750 0.074074
0 74 0.756771 0.428241 0.027083 0.082407
