0 1 0.282031 0.646296 0.048438 0.190741
0 2 0.341667 0.646296 0.043750 0.198148
0 3 0.414583 0.653704 0.034375 0.174074
0 7 0.531771 0.615278 0.035417 0.180556
0 8 0.561719 0.613889 0.033854 0.175926
0 9 0.777604 0.504167 0.023958 0.093519
0 10 0.616146 0.626852 0.038542 0.168519
0 12 0.719531 0.892593 0.056771 0.212963
0 13 0.668490 0.893056 0.064062 0.215741
0 15 0.466406 0.576852 0.023438 0.112963
0 16 0.495052 0.564815 0.031771 0.151852
0 17 0.467708 0.612500 0.030208 0.154630
0 18 0.598958 0.597685 0.033333 0.145370
0 19 0.527604 0.563889 0.026042 0.135185
0 20 0.562500 0.569444 0.034375 0.153704
0 21 0.623958 0.594907 0.031250 0.149074
0 22 0.846094 0.713426 0.071354 0.210185
0 23 0.851302 0.703241 0.036979 0.199074
0 24 0.873437 0.702778 0.047917 0.192593
0 25 0.753125 0.688889 0.056250 0.187037
0 26 0.806510 0.681019 0.057813 0.189815
0 27 0.825260 0.668519 0.033854 0.177778
0 28 0.947396 0.734259 0.061458 0.187037
0 31 0.593490 0.886574 0.061979 0.225000
0 32 0.858333 0.673148 0.041667 0.174074
0 35 0.130990 0.860648 0.058854 0.245370
0 36 0.188021 0.878704 0.055208 0.244444
0 37 0.129427 0.917593 0.054688 0.166667
0 38 0.152865 0.810185 0.040104 0.203704
0 39 0.205729 0.825463 0.053125 0.226852
0 40 0.617708 0.714352 0.040625 0.187963
0 41 0.775000 0.728704 0.052083 0.203704
0 42 0.689583 0.725463 0.048958 0.204630
0 43 0.690625 0.722685 0.037500 0.180556
0 44 0.730469 0.721296 0.042188 0.172222
0 45 0.807813 0.761111 0.042708 0.131481
0 46 0.884375 0.764815 0.045833 0.168519
0 50 0.888542 0.744444 0.051042 0.198148
0 52 0.553646 0.514352 0.028125 0.106481
0 53 0.522396 0.507870 0.033333 0.126852
0 54 0.432031 0.510185 0.029687 0.135185
0 55 0.745573 0.584722 0.040104 0.160185
0 56 0.495833 0.491667 0.022917 0.092593
0 57 0.470313 0.485185 0.030208 0.107407
0 58 0.435417 0.478704 0.029167 0.112963
0 59 0.410938 0.481019 0.030208 0.112037
0 60 0.400781 0.476852 0.022396 0.107407
0 61 0.409896 0.466204 0.023958 0.110185
0 71 0.482292 0.481019 0.025000 0.104630
0 73 0.748698 0.428704 0.019271 0.074074
0 74 0.753125 0.429167 0.027083 0.082407
