0 1 0.281771 0.643519 0.047917 0.190741
0 2 0.340625 0.645370 0.043750 0.196296
0 3 0.411198 0.654630 0.035937 0.174074
0 7 0.531771 0.615741 0.035417 0.181481
0 8 0.560937 0.613889 0.033333 0.175926
0 9 0.776042 0.504167 0.023958 0.093519
0 10 0.615104 0.626852 0.038542 0.168519
0 12 0.719531 0.894907 0.057813 0.208333
0 13 0.666927 0.893981 0.064062 0.213889
0 15 0.466406 0.577778 0.023438 0.112963
0 16 0.494792 0.566204 0.032292 0.152778
0 17 0.468229 0.614352 0.030208 0.154630
0 18 0.602604 0.598148 0.033333 0.146296
0 19 0.528125 0.564815 0.026042 0.135185
0 20 0.565104 0.570833 0.034375 0.156481
0 21 0.627083 0.595833 0.031250 0.149074
0 22 0.853906 0.712963 0.068229 0.209259
0 23 0.857292 0.704167 0.038542 0.199074
0 24 0.878906 0.704630 0.045312 0.194444
0 25 0.756250 0.692130 0.060417 0.187963
0 26 0.808854 0.682407 0.060417 0.188889
0 27 0.825521 0.670370 0.033333 0.179630
0 28 0.954167 0.735185 0.060417 0.187037
0 31 0.592187 0.887963 0.062500 0.222222
0 32 0.860417 0.674537 0.041667 0.175000
0 35 0.133333 0.858796 0.058333 0.245370
0 36 0.189844 0.876389 0.054688 0.243519
0 37 0.132031 0.916204 0.054688 0.169444
0 38 0.147396 0.808333 0.044792 0.203704
0 39 0.198177 0.825926 0.061979 0.225926
0 40 0.613542 0.714815 0.040625 0.187037
0 41 0.771094 0.727778 0.053646 0.203704
0 42 0.684115 0.724537 0.049479 0.204630
0 43 0.686198 0.721296 0.038021 0.179630
0 44 0.725781 0.719907 0.042188 0.171296
0 45 0.804167 0.759722 0.042708 0.130556
0 46 0.875521 0.764352 0.031250 0.167593
0 50 0.880469 0.742593 0.051562 0.198148
0 52 0.554167 0.515278 0.028125 0.106481
0 53 0.523438 0.508796 0.033333 0.126852
0 54 0.432031 0.510185 0.029687 0.135185
0 55 0.741406 0.583796 0.040104 0.160185
0 56 0.497396 0.493519 0.022917 0.094444
0 57 0.471354 0.485185 0.030208 0.107407
0 58 0.437500 0.479630 0.029167 0.112963
0 59 0.412500 0.480556 0.030208 0.111111
0 60 0.401562 0.477778 0.022917 0.109259
0 61 0.413021 0.466204 0.023958 0.110185
0 71 0.483333 0.481944 0.025000 0.104630
0 73 0.748958 0.429630 0.018750 0.074074
0 74 0.753125 0.429167 0.027083 0.082407
