0 1 0.286979 0.665741 0.053125 0.198148
0 2 0.343229 0.671296 0.044792 0.207407
0 3 0.428385 0.664352 0.035937 0.182407
0 5 0.198437 0.949074 0.067708 0.101852
0 6 0.284115 0.955556 0.085938 0.090741
0 7 0.530990 0.614815 0.039062 0.179630
0 8 0.558333 0.613889 0.034375 0.172222
0 9 0.794792 0.512963 0.023958 0.092593
0 10 0.622396 0.637037 0.036458 0.177778
0 12 0.734375 0.868056 0.052083 0.254630
0 13 0.675781 0.868519 0.052604 0.248148
0 15 0.461198 0.563889 0.023438 0.112963
0 16 0.493490 0.550000 0.028646 0.146296
0 17 0.453646 0.596759 0.030208 0.143519
0 18 0.551042 0.579630 0.034375 0.146296
0 19 0.515104 0.554630 0.026042 0.135185
0 20 0.534896 0.550000 0.031250 0.144444
0 21 0.582292 0.577315 0.031250 0.143519
0 22 0.727344 0.700000 0.048438 0.205556
0 23 0.741667 0.694907 0.042708 0.189815
0 24 0.765625 0.691667 0.044792 0.181481
0 25 0.651302 0.672222 0.051562 0.177778
0 26 0.778125 0.654167 0.041667 0.167593
0 27 0.792188 0.649537 0.031250 0.167593
0 28 0.830729 0.715741 0.054167 0.185185
0 29 0.858594 0.728241 0.038021 0.139815
0 31 0.602604 0.862963 0.056250 0.261111
0 32 0.825781 0.647685 0.040104 0.171296
0 33 0.921354 0.700926 0.045833 0.196296
0 35 0.088802 0.883333 0.060937 0.231481
0 36 0.146875 0.898148 0.055208 0.205556
0 37 0.083333 0.942593 0.055208 0.114815
0 38 0.221354 0.809722 0.044792 0.204630
0 39 0.334375 0.825463 0.075000 0.221296
0 40 0.680729 0.734722 0.040625 0.197222
0 41 0.860938 0.744907 0.061458 0.206481
0 42 0.772917 0.738426 0.048958 0.212037
0 43 0.769792 0.736574 0.036458 0.195370
0 44 0.807031 0.738426 0.046354 0.173148
0 45 0.895312 0.770833 0.042708 0.132407
0 46 0.985677 0.770370 0.028646 0.164815
0 52 0.528125 0.500463 0.029167 0.106481
0 53 0.501042 0.494444 0.032292 0.124074
0 54 0.420573 0.498148 0.029687 0.125926
0 55 0.804948 0.569907 0.030729 0.139815
0 56 0.460677 0.485185 0.023438 0.090741
0 57 0.443750 0.476852 0.026042 0.101852
0 58 0.397917 0.470370 0.029167 0.112963
0 71 0.446875 0.475000 0.025000 0.109259
0 73 0.748958 0.430556 0.018750 0.074074
0 74 0.756250 0.428241 0.027083 0.082407
