0 1 0.281510 0.641667 0.047396 0.190741
0 2 0.340104 0.644907 0.043750 0.195370
0 3 0.409375 0.654630 0.036458 0.174074
0 7 0.531771 0.616204 0.035417 0.180556
0 8 0.560417 0.613889 0.033333 0.175926
0 9 0.775521 0.504167 0.023958 0.093519
0 10 0.614583 0.626852 0.038542 0.168519
0 12 0.719792 0.896296 0.058333 0.205556
0 13 0.666406 0.894907 0.064062 0.212037
0 15 0.466406 0.578704 0.023438 0.112963
0 16 0.494271 0.567130 0.032292 0.152778
0 17 0.468750 0.614352 0.030208 0.154630
0 18 0.604167 0.598611 0.033333 0.145370
0 19 0.528385 0.565741 0.025521 0.135185
0 20 0.566406 0.571759 0.034896 0.156481
0 21 0.628646 0.595833 0.031250 0.149074
0 22 0.858073 0.712963 0.067187 0.209259
0 23 0.860156 0.705093 0.039062 0.199074
0 24 0.881771 0.706019 0.043750 0.195370
0 25 0.757812 0.693981 0.062500 0.187963
0 26 0.810156 0.683333 0.061979 0.188889
0 27 0.825781 0.671759 0.033854 0.180556
0 28 0.957292 0.735185 0.059375 0.187037
0 31 0.591667 0.888426 0.062500 0.221296
0 32 0.861458 0.675000 0.041667 0.175926
0 35 0.134635 0.857870 0.057813 0.245370
0 36 0.190885 0.875463 0.054688 0.243519
0 37 0.133073 0.915741 0.054688 0.170370
0 38 0.144792 0.807870 0.046875 0.204630
0 39 0.194531 0.826389 0.066146 0.225000
0 40 0.611458 0.713889 0.040625 0.187037
0 41 0.769271 0.726852 0.054167 0.203704
0 42 0.681250 0.724537 0.050000 0.204630
0 43 0.684115 0.720833 0.038021 0.178704
0 44 0.723698 0.719907 0.042188 0.171296
0 45 0.802083 0.758796 0.042708 0.130556
0 46 0.870833 0.763889 0.036458 0.166667
0 50 0.876302 0.741667 0.051562 0.198148
0 52 0.554688 0.515278 0.028125 0.106481
0 53 0.523698 0.508796 0.033854 0.126852
0 54 0.432031 0.511111 0.029687 0.135185
0 55 0.739062 0.583796 0.040625 0.160185
0 56 0.497917 0.494444 0.022917 0.094444
0 57 0.471354 0.485185 0.030208 0.107407
0 58 0.438281 0.479630 0.029687 0.112963
0 59 0.413542 0.480556 0.030208 0.109259
0 60 0.401823 0.478241 0.023438 0.110185
0 61 0.414583 0.467130 0.023958 0.110185
0 71 0.483854 0.482870 0.025000 0.104630
0 73 0.748958 0.429630 0.018750 0.074074
0 74 0.753125 0.429167 0.027083 0.082407
