0 1 0.265885 0.627778 0.046354 0.179630
0 2 0.326302 0.631019 0.042188 0.191667
0 3 0.371094 0.647685 0.035937 0.167593
0 7 0.534375 0.623148 0.035417 0.185185
0 8 0.559375 0.620833 0.031250 0.176852
0 9 0.750521 0.513889 0.023958 0.096296
0 10 0.602865 0.635185 0.035937 0.177778
0 12 0.705729 0.918981 0.060417 0.163889
0 13 0.638281 0.912963 0.068229 0.172222
0 15 0.465104 0.591204 0.023958 0.113889
0 16 0.491146 0.581019 0.034375 0.160185
0 17 0.476823 0.631481 0.032813 0.159259
0 18 0.647917 0.608333 0.034375 0.146296
0 19 0.539844 0.585185 0.025521 0.135185
0 20 0.591927 0.589352 0.036979 0.162037
0 21 0.673698 0.605093 0.031771 0.149074
0 23 0.937760 0.728704 0.048438 0.198148
0 25 0.818229 0.713889 0.051042 0.194444
0 26 0.839583 0.705093 0.051042 0.189815
0 27 0.843750 0.694907 0.034375 0.187963
0 31 0.567448 0.911574 0.060937 0.178704
0 32 0.878906 0.696296 0.042188 0.183333
0 35 0.161719 0.835648 0.055729 0.228704
0 36 0.214844 0.850926 0.054688 0.235185
0 37 0.159115 0.903704 0.057813 0.194444
0 38 0.104167 0.805093 0.037500 0.206481
0 39 0.120052 0.826389 0.053646 0.230556
0 40 0.560937 0.695833 0.043750 0.187963
0 41 0.743229 0.711111 0.045833 0.198148
0 42 0.629687 0.719444 0.047917 0.198148
0 43 0.646615 0.716204 0.036979 0.178704
0 44 0.662500 0.707870 0.045833 0.162037
0 45 0.771354 0.748611 0.034375 0.128704
0 46 0.785937 0.763889 0.037500 0.174074
0 50 0.803385 0.735185 0.046354 0.196296
0 52 0.563542 0.528241 0.028125 0.106481
0 53 0.531250 0.520833 0.034375 0.126852
0 54 0.436458 0.525000 0.030208 0.135185
0 55 0.689063 0.587963 0.040625 0.161111
0 56 0.510938 0.506019 0.023958 0.099074
0 57 0.481771 0.497222 0.030208 0.107407
0 58 0.448958 0.489352 0.029167 0.121296
0 59 0.422656 0.487037 0.029687 0.107407
0 60 0.403906 0.484722 0.025521 0.112037
0 61 0.445312 0.471759 0.023958 0.110185
0 62 0.413281 0.468519 0.023438 0.112963
0 63 0.401302 0.464352 0.022396 0.123148
0 71 0.492188 0.489352 0.025000 0.104630
0 73 0.750260 0.433333 0.019271 0.074074
0 74 0.751042 0.430093 0.027083 0.082407
