0 1 0.262240 0.624074 0.046354 0.179630
0 2 0.321094 0.625926 0.041146 0.192593
0 3 0.357292 0.648611 0.036458 0.169444
0 7 0.535937 0.624537 0.035417 0.187963
0 8 0.564063 0.623148 0.031250 0.177778
0 9 0.745833 0.514815 0.023958 0.096296
0 10 0.604427 0.636574 0.035937 0.178704
0 12 0.699479 0.924537 0.063542 0.152778
0 13 0.631250 0.918981 0.065625 0.162037
0 15 0.463021 0.599537 0.025000 0.115741
0 16 0.492188 0.583796 0.034375 0.160185
0 17 0.479167 0.635185 0.036458 0.159259
0 18 0.661458 0.611111 0.034375 0.146296
0 19 0.550000 0.589352 0.026042 0.136111
0 20 0.600000 0.593056 0.041667 0.162037
0 21 0.688802 0.607870 0.031771 0.149074
0 25 0.832812 0.720370 0.046875 0.200000
0 26 0.851562 0.710185 0.051042 0.196296
0 27 0.850000 0.698611 0.034375 0.187963
0 31 0.559635 0.917593 0.060937 0.166667
0 32 0.886458 0.702778 0.041667 0.187037
0 35 0.169010 0.831481 0.055729 0.233333
0 36 0.219792 0.844444 0.055208 0.227778
0 37 0.166667 0.899074 0.060417 0.203704
0 38 0.099479 0.806944 0.037500 0.210185
0 39 0.108333 0.825926 0.041667 0.237037
0 40 0.548177 0.691204 0.040104 0.187963
0 41 0.745313 0.705556 0.045833 0.194444
0 42 0.622656 0.719907 0.044271 0.199074
0 43 0.639583 0.717593 0.036458 0.179630
0 44 0.646354 0.703241 0.040625 0.162037
0 45 0.772396 0.746759 0.034375 0.128704
0 46 0.768229 0.755556 0.040625 0.170370
0 50 0.788542 0.735185 0.042708 0.196296
0 52 0.566406 0.532407 0.029687 0.107407
0 53 0.533333 0.524074 0.033333 0.125926
0 54 0.437500 0.527778 0.030208 0.135185
0 55 0.675000 0.589352 0.040625 0.162037
0 56 0.514844 0.508796 0.023438 0.099074
0 57 0.485417 0.499074 0.030208 0.107407
0 58 0.452604 0.491204 0.029167 0.121296
0 59 0.422396 0.489815 0.029167 0.111111
0 60 0.403906 0.487963 0.025521 0.112963
0 61 0.455208 0.471759 0.023958 0.110185
0 62 0.423958 0.471296 0.023958 0.112963
0 63 0.409375 0.466204 0.021875 0.123148
0 64 0.396094 0.473148 0.023438 0.112963
0 71 0.496354 0.492130 0.025000 0.104630
0 73 0.750521 0.434259 0.019792 0.074074
0 74 0.752604 0.431019 0.027083 0.082407
