0 1 0.272135 0.632870 0.046354 0.186111
0 2 0.331510 0.635648 0.043229 0.187963
0 3 0.384635 0.648611 0.043229 0.175000
0 7 0.532292 0.621759 0.035417 0.182407
0 8 0.560417 0.616667 0.031250 0.175926
0 9 0.759896 0.509722 0.023958 0.095370
0 10 0.604167 0.630093 0.038542 0.171296
0 12 0.714844 0.912037 0.057813 0.177778
0 13 0.648698 0.906481 0.072396 0.185185
0 15 0.466406 0.584259 0.023438 0.112963
0 16 0.490885 0.576852 0.033854 0.157407
0 17 0.473958 0.626389 0.030208 0.158333
0 18 0.631771 0.604630 0.034375 0.146296
0 19 0.534635 0.576852 0.025521 0.135185
0 20 0.582292 0.583796 0.034375 0.162037
0 21 0.654948 0.602315 0.031771 0.149074
0 22 0.905469 0.721296 0.053646 0.216667
0 23 0.906510 0.714352 0.052604 0.197222
0 24 0.932813 0.718056 0.058333 0.193519
0 25 0.797917 0.704630 0.047917 0.188889
0 26 0.822135 0.696759 0.053646 0.191667
0 27 0.835938 0.688426 0.034375 0.187963
0 31 0.578385 0.903704 0.060937 0.194444
0 32 0.872917 0.687963 0.041667 0.181481
0 35 0.152083 0.843519 0.056250 0.235185
0 36 0.207031 0.859722 0.054688 0.237963
0 37 0.149479 0.908333 0.055208 0.185185
0 38 0.113021 0.809259 0.044792 0.203704
0 39 0.141146 0.826852 0.067708 0.222222
0 40 0.578385 0.703241 0.042188 0.187963
0 41 0.749479 0.717130 0.045833 0.199074
0 42 0.646354 0.719444 0.053125 0.200000
0 43 0.657031 0.718981 0.038021 0.178704
0 44 0.684635 0.710185 0.042188 0.168519
0 45 0.779687 0.753241 0.034375 0.128704
0 46 0.814844 0.762963 0.047396 0.175926
0 50 0.825000 0.736111 0.046875 0.198148
0 52 0.560156 0.522685 0.027604 0.106481
0 53 0.529427 0.516204 0.035937 0.126852
0 54 0.434896 0.519444 0.030208 0.135185
0 55 0.706771 0.585185 0.040625 0.161111
0 56 0.505990 0.502778 0.023438 0.098148
0 57 0.479167 0.491667 0.030208 0.107407
0 58 0.446354 0.486111 0.029167 0.118519
0 59 0.422396 0.483796 0.030208 0.104630
0 60 0.403906 0.482870 0.025521 0.112037
0 61 0.433333 0.470833 0.023958 0.110185
0 62 0.401562 0.465741 0.022917 0.112963
0 63 0.392448 0.462963 0.023438 0.124074
0 71 0.488021 0.487500 0.025000 0.104630
0 73 0.749740 0.432407 0.019271 0.074074
0 74 0.751563 0.430093 0.027083 0.082407
