0 1 0.287240 0.675000 0.052604 0.198148
0 2 0.343229 0.677778 0.044792 0.207407
0 3 0.425260 0.669444 0.036979 0.181481
0 5 0.202344 0.944907 0.074479 0.112037
0 6 0.299479 0.949074 0.066667 0.103704
0 7 0.530729 0.617593 0.040625 0.179630
0 8 0.557813 0.616204 0.034375 0.173148
0 9 0.793750 0.516204 0.025000 0.093519
0 10 0.622656 0.640278 0.036979 0.178704
0 12 0.734896 0.863426 0.052083 0.254630
0 13 0.677344 0.859259 0.057813 0.248148
0 15 0.460156 0.562963 0.023438 0.112963
0 16 0.490625 0.546296 0.030208 0.146296
0 17 0.452604 0.595833 0.030208 0.143519
0 18 0.543490 0.577778 0.033854 0.146296
0 19 0.513802 0.551852 0.025521 0.135185
0 20 0.534896 0.549537 0.030208 0.143519
0 21 0.575000 0.575000 0.032292 0.142593
0 22 0.701302 0.705556 0.045312 0.205556
0 23 0.721094 0.693056 0.042188 0.189815
0 24 0.742448 0.689352 0.042188 0.178704
0 25 0.629687 0.670370 0.051042 0.175926
0 26 0.770052 0.653241 0.040104 0.169444
0 27 0.783333 0.647222 0.031250 0.164815
0 28 0.808333 0.715741 0.052083 0.185185
0 29 0.838281 0.727315 0.036979 0.139815
0 30 0.945312 0.713426 0.060417 0.199074
0 31 0.606250 0.857407 0.056250 0.262963
0 32 0.816406 0.645833 0.040104 0.171296
0 33 0.899479 0.699074 0.045833 0.196296
0 35 0.079687 0.886574 0.058333 0.225000
0 36 0.135937 0.901389 0.055208 0.199074
0 37 0.075781 0.947685 0.054688 0.104630
0 38 0.235156 0.812037 0.045312 0.203704
0 39 0.357552 0.825463 0.053646 0.226852
0 40 0.700781 0.744907 0.040104 0.204630
0 41 0.880990 0.746759 0.045312 0.206481
0 42 0.787500 0.741204 0.046875 0.212037
0 43 0.786979 0.737963 0.040625 0.196296
0 44 0.823177 0.738426 0.046354 0.173148
0 45 0.914062 0.776389 0.042708 0.132407
0 52 0.521875 0.501389 0.031250 0.106481
0 53 0.495833 0.493981 0.032292 0.123148
0 54 0.417448 0.496296 0.029687 0.125926
0 55 0.814583 0.567130 0.030208 0.139815
0 56 0.452083 0.487963 0.023958 0.090741
0 57 0.435937 0.476852 0.026042 0.101852
0 58 0.390625 0.469444 0.029167 0.111111
0 71 0.437500 0.478241 0.025000 0.112037
0 73 0.747396 0.432407 0.018750 0.074074
0 74 0.756250 0.429167 0.027083 0.082407
