0 1 0.281771 0.640741 0.046875 0.190741
0 2 0.339583 0.643981 0.043750 0.195370
0 3 0.407813 0.655556 0.037500 0.174074
0 7 0.531771 0.616667 0.035417 0.181481
0 8 0.560417 0.614352 0.033333 0.176852
0 9 0.774479 0.504167 0.023958 0.093519
0 10 0.614062 0.626852 0.038542 0.168519
0 12 0.719531 0.897222 0.058854 0.203704
0 13 0.665625 0.895370 0.063542 0.211111
0 15 0.466406 0.578704 0.023438 0.112963
0 16 0.494271 0.567593 0.032292 0.153704
0 17 0.469271 0.615278 0.030208 0.154630
0 18 0.605990 0.598611 0.033854 0.145370
0 19 0.528646 0.565741 0.026042 0.135185
0 20 0.567969 0.572222 0.034896 0.157407
0 21 0.630208 0.596759 0.031250 0.149074
0 22 0.860938 0.713426 0.067708 0.210185
0 23 0.863281 0.705556 0.040104 0.198148
0 24 0.884896 0.706019 0.044792 0.195370
0 25 0.761198 0.693981 0.059896 0.187963
0 26 0.811458 0.683796 0.063542 0.187963
0 27 0.825781 0.672685 0.033854 0.182407
0 28 0.960677 0.735185 0.058854 0.187037
0 31 0.590885 0.888889 0.063021 0.220370
0 32 0.862500 0.675926 0.041667 0.175926
0 35 0.135677 0.856944 0.057813 0.245370
0 36 0.191927 0.874074 0.054688 0.242593
0 37 0.134635 0.914815 0.054688 0.172222
0 38 0.142187 0.806944 0.048958 0.204630
0 39 0.190625 0.826389 0.070833 0.225000
0 40 0.609375 0.713426 0.040625 0.187963
0 41 0.767448 0.726852 0.054688 0.203704
0 42 0.678646 0.724537 0.050000 0.204630
0 43 0.682031 0.719907 0.038021 0.178704
0 44 0.721094 0.718981 0.042188 0.171296
0 45 0.800000 0.758333 0.042708 0.129630
0 46 0.866667 0.763426 0.041667 0.165741
0 50 0.872396 0.740741 0.052083 0.198148
0 52 0.554948 0.516204 0.027604 0.106481
0 53 0.524219 0.509722 0.033854 0.126852
0 54 0.432552 0.511111 0.029687 0.135185
0 55 0.736979 0.582870 0.040625 0.160185
0 56 0.498698 0.495370 0.023438 0.096296
0 57 0.471875 0.485185 0.030208 0.107407
0 58 0.439323 0.480556 0.029687 0.112963
0 59 0.414583 0.480556 0.030208 0.109259
0 60 0.402083 0.478704 0.023958 0.109259
0 61 0.416146 0.467130 0.023958 0.110185
0 71 0.484375 0.482870 0.025000 0.104630
0 73 0.748958 0.429630 0.018750 0.074074
0 74 0.752604 0.429167 0.027083 0.082407
