0 1 0.271354 0.632407 0.046875 0.185185
0 2 0.330990 0.635185 0.043229 0.188889
0 3 0.382812 0.647685 0.045833 0.173148
0 7 0.532292 0.622222 0.035417 0.183333
0 8 0.559896 0.616667 0.031250 0.175926
0 9 0.758854 0.509722 0.023958 0.095370
0 10 0.603906 0.630556 0.038021 0.172222
0 12 0.714063 0.912500 0.057292 0.176852
0 13 0.647656 0.907407 0.072396 0.183333
0 15 0.466406 0.584259 0.023438 0.112963
0 16 0.490625 0.577315 0.034375 0.158333
0 17 0.474479 0.627315 0.030208 0.158333
0 18 0.633333 0.604630 0.034375 0.146296
0 19 0.535156 0.577778 0.025521 0.135185
0 20 0.583333 0.584722 0.034375 0.162037
0 21 0.656510 0.602315 0.031771 0.149074
0 22 0.909635 0.722685 0.055729 0.217593
0 23 0.908594 0.716204 0.054688 0.197222
0 24 0.935937 0.718519 0.059375 0.192593
0 25 0.801823 0.705093 0.048438 0.187963
0 26 0.822917 0.696296 0.054167 0.188889
0 27 0.836979 0.689352 0.034375 0.187963
0 31 0.577344 0.904630 0.060937 0.192593
0 32 0.873437 0.688889 0.041667 0.181481
0 35 0.153125 0.843056 0.056250 0.234259
0 36 0.208073 0.858796 0.054688 0.237963
0 37 0.150521 0.907870 0.055208 0.186111
0 38 0.111979 0.810185 0.044792 0.203704
0 39 0.137760 0.827315 0.069271 0.223148
0 40 0.576302 0.702315 0.043229 0.187963
0 41 0.748437 0.716204 0.045833 0.199074
0 42 0.644010 0.718981 0.054688 0.199074
0 43 0.655469 0.718056 0.038021 0.178704
0 44 0.682292 0.710185 0.042708 0.168519
0 45 0.778646 0.753241 0.033333 0.128704
0 46 0.811458 0.762963 0.048958 0.175926
0 50 0.822396 0.736111 0.046875 0.198148
0 52 0.560156 0.523611 0.027604 0.106481
0 53 0.529687 0.517130 0.035417 0.126852
0 54 0.434896 0.520370 0.030208 0.135185
0 55 0.704688 0.586111 0.040625 0.161111
0 56 0.506510 0.502778 0.023438 0.098148
0 57 0.479687 0.492593 0.030208 0.107407
0 58 0.446354 0.487037 0.029167 0.118519
0 59 0.422396 0.483796 0.030208 0.104630
0 60 0.403906 0.482870 0.025521 0.112037
0 61 0.434375 0.470833 0.023958 0.110185
0 62 0.402604 0.465741 0.022917 0.112963
0 63 0.393229 0.462963 0.022917 0.124074
0 71 0.488542 0.487500 0.025000 0.104630
0 73 0.749740 0.432407 0.019271 0.074074
0 74 0.751563 0.430093 0.027083 0.082407
