0 1 0.286979 0.664352 0.053125 0.197222
0 2 0.343229 0.669444 0.044792 0.207407
0 3 0.429167 0.662500 0.036458 0.182407
0 5 0.196615 0.951389 0.067187 0.097222
0 6 0.284115 0.957407 0.081771 0.087037
0 7 0.531250 0.614815 0.038542 0.179630
0 8 0.558854 0.613426 0.034375 0.173148
0 9 0.794792 0.512037 0.023958 0.092593
0 10 0.622396 0.636574 0.036458 0.176852
0 12 0.733073 0.869907 0.052604 0.254630
0 13 0.675781 0.869444 0.055729 0.248148
0 15 0.461198 0.564815 0.023438 0.112963
0 16 0.494531 0.550926 0.027604 0.146296
0 17 0.453646 0.596759 0.030208 0.143519
0 18 0.553125 0.579630 0.034375 0.146296
0 19 0.515625 0.554630 0.026042 0.135185
0 20 0.534896 0.550000 0.031250 0.144444
0 21 0.583854 0.578241 0.031250 0.145370
0 22 0.733594 0.700926 0.051562 0.205556
0 23 0.747396 0.695370 0.042708 0.190741
0 24 0.772396 0.693056 0.045833 0.182407
0 25 0.657552 0.672685 0.051562 0.178704
0 26 0.779167 0.654167 0.041667 0.167593
0 27 0.794792 0.651389 0.031250 0.167593
0 28 0.837240 0.715741 0.054688 0.185185
0 29 0.864583 0.728241 0.037500 0.139815
0 31 0.602083 0.864815 0.056250 0.261111
0 32 0.827083 0.647685 0.040625 0.171296
0 33 0.927604 0.701852 0.045833 0.196296
0 35 0.091406 0.882407 0.061979 0.233333
0 36 0.150000 0.897222 0.055208 0.207407
0 37 0.085938 0.941667 0.055208 0.118519
0 38 0.216667 0.808796 0.048958 0.204630
0 39 0.329167 0.825000 0.075000 0.224074
0 40 0.675000 0.731944 0.040625 0.195370
0 41 0.859896 0.744907 0.061458 0.206481
0 42 0.766927 0.737500 0.044271 0.210185
0 43 0.765104 0.735648 0.036458 0.193519
0 44 0.802344 0.737500 0.046354 0.173148
0 45 0.890104 0.769907 0.042708 0.132407
0 46 0.979167 0.772222 0.041667 0.164815
0 52 0.529948 0.500463 0.028646 0.106481
0 53 0.502083 0.495370 0.032292 0.124074
0 54 0.421615 0.498148 0.029687 0.125926
0 55 0.802344 0.570833 0.030729 0.139815
0 56 0.463281 0.485185 0.023438 0.090741
0 57 0.445312 0.477778 0.026042 0.101852
0 58 0.399479 0.470370 0.029167 0.112963
0 71 0.449479 0.474537 0.025000 0.108333
0 73 0.749479 0.429630 0.018750 0.074074
0 74 0.755729 0.428241 0.027083 0.082407
