0 1 0.273698 0.634259 0.046354 0.188889
0 2 0.332552 0.636574 0.043229 0.187963
0 3 0.389062 0.650926 0.037500 0.177778
0 7 0.531771 0.621759 0.035417 0.182407
0 8 0.560937 0.615741 0.031250 0.175926
0 9 0.761979 0.508333 0.023958 0.094444
0 10 0.604688 0.629630 0.038542 0.170370
0 12 0.715625 0.910185 0.058333 0.181481
0 13 0.650781 0.906019 0.073438 0.187963
0 15 0.466406 0.583333 0.023438 0.112963
0 16 0.491406 0.575926 0.033854 0.157407
0 17 0.473438 0.625000 0.030208 0.157407
0 18 0.628385 0.602778 0.033854 0.146296
0 19 0.533594 0.575000 0.025521 0.135185
0 20 0.580729 0.581944 0.034375 0.162037
0 21 0.651823 0.601389 0.031771 0.149074
0 22 0.899479 0.720370 0.059375 0.218519
0 23 0.901563 0.712500 0.050000 0.197222
0 24 0.927344 0.716667 0.056771 0.194444
0 25 0.790104 0.703241 0.047917 0.189815
0 26 0.820573 0.696759 0.053646 0.195370
0 27 0.834115 0.686574 0.033854 0.187963
0 31 0.580469 0.901389 0.060937 0.197222
0 32 0.872135 0.686111 0.042188 0.181481
0 35 0.150000 0.845370 0.056250 0.237037
0 36 0.204948 0.861574 0.054688 0.237963
0 37 0.147396 0.909259 0.055208 0.183333
0 38 0.115104 0.808333 0.044792 0.203704
0 39 0.147656 0.825926 0.065104 0.222222
0 40 0.582292 0.704167 0.041667 0.187963
0 41 0.752083 0.718056 0.045833 0.200926
0 42 0.650521 0.719444 0.050000 0.201852
0 43 0.660156 0.718981 0.038021 0.178704
0 44 0.689583 0.711111 0.040625 0.170370
0 45 0.782292 0.753704 0.035417 0.129630
0 46 0.821615 0.762963 0.044271 0.175926
0 50 0.830469 0.736574 0.047396 0.199074
0 52 0.559115 0.521759 0.027604 0.106481
0 53 0.528906 0.515278 0.035937 0.126852
0 54 0.434635 0.517593 0.029687 0.135185
0 55 0.710417 0.585185 0.040625 0.161111
0 56 0.504948 0.501852 0.023438 0.098148
0 57 0.478125 0.489815 0.030208 0.107407
0 58 0.445833 0.485185 0.029167 0.116667
0 59 0.421354 0.482870 0.030208 0.104630
0 60 0.403906 0.482870 0.025521 0.112037
0 61 0.431250 0.469907 0.023958 0.110185
0 62 0.399479 0.464815 0.022917 0.112963
0 71 0.488021 0.486574 0.025000 0.104630
0 73 0.749740 0.431481 0.019271 0.074074
0 74 0.751563 0.430093 0.027083 0.082407
