0 1 0.280729 0.639815 0.046875 0.190741
0 2 0.339062 0.643519 0.043750 0.194444
0 3 0.406771 0.654630 0.037500 0.174074
0 7 0.531771 0.616667 0.035417 0.181481
0 8 0.560156 0.614352 0.032813 0.176852
0 9 0.773958 0.504167 0.023958 0.093519
0 10 0.613542 0.626852 0.038542 0.168519
0 12 0.719792 0.899074 0.059375 0.201852
0 13 0.665104 0.896296 0.063542 0.209259
0 15 0.466406 0.578704 0.023438 0.112963
0 16 0.494010 0.568519 0.032813 0.153704
0 17 0.469271 0.616204 0.030208 0.154630
0 18 0.607812 0.599074 0.033333 0.146296
0 19 0.528906 0.566667 0.025521 0.135185
0 20 0.569010 0.573148 0.034896 0.159259
0 21 0.631771 0.596759 0.031250 0.149074
0 22 0.863802 0.713889 0.068229 0.211111
0 23 0.866146 0.706019 0.040625 0.199074
0 24 0.888542 0.706944 0.045833 0.195370
0 25 0.764583 0.693981 0.057292 0.187963
0 26 0.812760 0.684722 0.065104 0.187963
0 27 0.826042 0.673611 0.033333 0.184259
0 28 0.964063 0.736111 0.058333 0.187037
0 31 0.590365 0.889815 0.063021 0.218519
0 32 0.863542 0.676389 0.041667 0.176852
0 35 0.136979 0.856019 0.057292 0.245370
0 36 0.192708 0.873148 0.054167 0.240741
0 37 0.136198 0.914352 0.054688 0.173148
0 38 0.139583 0.806019 0.051042 0.204630
0 39 0.186979 0.826852 0.075000 0.224074
0 40 0.607292 0.712963 0.040625 0.187037
0 41 0.766146 0.725926 0.054167 0.203704
0 42 0.676302 0.723611 0.049479 0.204630
0 43 0.679948 0.719907 0.038021 0.178704
0 44 0.718750 0.718056 0.041667 0.171296
0 45 0.797917 0.757407 0.042708 0.129630
0 46 0.862240 0.762963 0.047396 0.164815
0 50 0.868229 0.739815 0.052083 0.198148
0 52 0.555208 0.516204 0.028125 0.106481
0 53 0.524479 0.509722 0.034375 0.126852
0 54 0.432552 0.512037 0.029687 0.135185
0 55 0.734896 0.582870 0.040625 0.160185
0 56 0.499219 0.496296 0.023438 0.096296
0 57 0.472396 0.485185 0.030208 0.107407
0 58 0.440104 0.480556 0.029167 0.112963
0 59 0.415104 0.480556 0.030208 0.107407
0 60 0.402604 0.479167 0.023958 0.110185
0 61 0.417708 0.467130 0.023958 0.110185
0 71 0.484896 0.483796 0.025000 0.104630
0 73 0.748958 0.429630 0.018750 0.074074
0 74 0.752604 0.429167 0.027083 0.082407
