0 1 0.284115 0.681944 0.054688 0.199074
0 2 0.343229 0.686574 0.045833 0.208333
0 3 0.419010 0.678704 0.035937 0.183333
0 5 0.216927 0.936574 0.077604 0.128704
0 6 0.307552 0.942130 0.059896 0.117593
0 7 0.532813 0.621296 0.041667 0.179630
0 8 0.560156 0.620833 0.033854 0.176852
0 9 0.792708 0.520833 0.026042 0.093519
0 10 0.623437 0.645370 0.037500 0.179630
0 12 0.733854 0.852315 0.050000 0.249074
0 13 0.681771 0.846296 0.057292 0.248148
0 15 0.458594 0.561111 0.023438 0.112963
0 16 0.488542 0.544444 0.031250 0.146296
0 17 0.447656 0.592130 0.029687 0.143519
0 18 0.535156 0.575463 0.032813 0.145370
0 19 0.512240 0.549074 0.025521 0.135185
0 20 0.534635 0.548611 0.028646 0.141667
0 21 0.564063 0.572685 0.034375 0.139815
0 22 0.669010 0.698148 0.047396 0.200000
0 23 0.689583 0.690741 0.041667 0.190741
0 24 0.711198 0.688889 0.042188 0.174074
0 25 0.603906 0.666667 0.047396 0.175926
0 26 0.754167 0.651389 0.036458 0.173148
0 27 0.770052 0.644907 0.030729 0.158333
0 28 0.783594 0.713889 0.055729 0.185185
0 29 0.809375 0.725000 0.033333 0.140741
0 30 0.905729 0.715278 0.061458 0.199074
0 31 0.612500 0.848148 0.055208 0.261111
0 32 0.802604 0.644907 0.040625 0.171296
0 33 0.879167 0.696759 0.046875 0.199074
0 34 0.974479 0.725926 0.043750 0.174074
0 35 0.068750 0.892130 0.058333 0.213889
0 36 0.120313 0.906944 0.055208 0.187963
0 37 0.065104 0.955093 0.054167 0.089815
0 38 0.260156 0.812963 0.048438 0.203704
0 39 0.400781 0.826852 0.060937 0.229630
0 40 0.726042 0.757870 0.040625 0.208333
0 41 0.911719 0.755093 0.046354 0.208333
0 42 0.811198 0.751852 0.058854 0.212963
0 43 0.810417 0.744444 0.043750 0.196296
0 44 0.847917 0.741204 0.047917 0.173148
0 45 0.940104 0.780093 0.042708 0.132407
0 52 0.513021 0.503241 0.034375 0.106481
0 53 0.488021 0.495833 0.032292 0.123148
0 54 0.413542 0.494444 0.030208 0.125926
0 55 0.826562 0.561111 0.031250 0.140741
0 56 0.438281 0.487963 0.024479 0.090741
0 57 0.423698 0.476852 0.025521 0.101852
0 58 0.379688 0.466667 0.029167 0.101852
0 71 0.426042 0.482870 0.025000 0.112037
0 73 0.745313 0.436111 0.018750 0.074074
0 74 0.754427 0.435185 0.027604 0.085185
