0 1 0.284375 0.681944 0.054167 0.199074
0 2 0.343490 0.685648 0.045312 0.208333
0 3 0.420052 0.676852 0.035937 0.183333
0 5 0.214844 0.937500 0.077604 0.126852
0 6 0.306771 0.943056 0.060417 0.115741
0 7 0.531771 0.620370 0.041667 0.179630
0 8 0.560156 0.620370 0.033854 0.175926
0 9 0.792969 0.520370 0.025521 0.092593
0 10 0.623437 0.644444 0.037500 0.179630
0 12 0.733854 0.853704 0.050000 0.250000
0 13 0.681510 0.848148 0.057813 0.248148
0 15 0.458594 0.562037 0.023438 0.112963
0 16 0.488542 0.544444 0.031250 0.146296
0 17 0.448177 0.592130 0.029687 0.143519
0 18 0.535677 0.575926 0.032813 0.146296
0 19 0.512760 0.549074 0.025521 0.135185
0 20 0.534896 0.549074 0.029167 0.142593
0 21 0.565104 0.573148 0.034375 0.140741
0 22 0.675260 0.697685 0.047396 0.200926
0 23 0.692708 0.690741 0.041667 0.190741
0 24 0.714323 0.688889 0.042188 0.174074
0 25 0.606771 0.666204 0.045833 0.175000
0 26 0.755729 0.652778 0.036458 0.174074
0 27 0.771354 0.645370 0.031250 0.159259
0 28 0.785677 0.713889 0.054688 0.185185
0 29 0.812240 0.725000 0.033854 0.140741
0 30 0.909375 0.715278 0.061458 0.199074
0 31 0.611719 0.849074 0.055729 0.261111
0 32 0.803906 0.644907 0.040104 0.171296
0 33 0.881771 0.697685 0.046875 0.199074
0 34 0.978125 0.726389 0.042708 0.173148
0 35 0.069792 0.891667 0.058333 0.214815
0 36 0.121875 0.906019 0.055208 0.189815
0 37 0.066146 0.954167 0.054167 0.091667
0 38 0.257031 0.812963 0.048438 0.203704
0 39 0.397917 0.827778 0.064583 0.227778
0 40 0.723698 0.756481 0.040104 0.207407
0 41 0.908594 0.755093 0.049479 0.208333
0 42 0.809896 0.750000 0.058333 0.212963
0 43 0.808333 0.743519 0.043750 0.196296
0 44 0.845052 0.740278 0.047396 0.173148
0 45 0.937500 0.779167 0.042708 0.132407
0 52 0.513802 0.502315 0.033854 0.106481
0 53 0.488542 0.495833 0.032292 0.123148
0 54 0.413802 0.494444 0.029687 0.125926
0 55 0.826042 0.561111 0.031250 0.140741
0 56 0.439063 0.487963 0.023958 0.090741
0 57 0.424740 0.476852 0.025521 0.101852
0 58 0.380729 0.467130 0.029167 0.102778
0 71 0.427083 0.482870 0.025000 0.112037
0 73 0.745313 0.435185 0.018750 0.074074
0 74 0.754427 0.434259 0.027604 0.085185
