0 1 0.286719 0.657407 0.050521 0.192593
0 2 0.343750 0.657870 0.043750 0.200926
0 3 0.434375 0.655556 0.041667 0.168519
0 5 0.180729 0.963889 0.059375 0.072222
0 7 0.531250 0.610185 0.036458 0.179630
0 8 0.563021 0.610648 0.034375 0.175000
0 9 0.790104 0.508796 0.023958 0.093519
0 10 0.621354 0.632407 0.037500 0.172222
0 12 0.726302 0.878241 0.056771 0.241667
0 13 0.676823 0.879630 0.063021 0.240741
0 15 0.463281 0.568519 0.023438 0.112963
0 16 0.493750 0.553704 0.031250 0.146296
0 17 0.458333 0.600000 0.030208 0.144444
0 18 0.567448 0.583333 0.034896 0.142593
0 19 0.521354 0.555556 0.026042 0.135185
0 20 0.542188 0.556019 0.032292 0.145370
0 21 0.594792 0.583333 0.031250 0.148148
0 22 0.775260 0.705556 0.051562 0.205556
0 23 0.781771 0.697685 0.041667 0.191667
0 24 0.809115 0.695833 0.044271 0.184259
0 25 0.692187 0.674074 0.041667 0.181481
0 26 0.786979 0.658796 0.041667 0.167593
0 27 0.809115 0.658796 0.031771 0.167593
0 28 0.875260 0.722222 0.057813 0.187037
0 29 0.898958 0.734259 0.037500 0.144444
0 31 0.598698 0.874074 0.056771 0.251852
0 32 0.835938 0.652315 0.041667 0.173148
0 33 0.972135 0.701389 0.041146 0.200926
0 35 0.106510 0.877315 0.065104 0.245370
0 36 0.166146 0.889815 0.055208 0.222222
0 37 0.101823 0.931481 0.054688 0.138889
0 38 0.196354 0.804167 0.050000 0.204630
0 39 0.285417 0.825000 0.070833 0.220370
0 40 0.653385 0.720833 0.040104 0.193519
0 41 0.824219 0.743056 0.063021 0.206481
0 42 0.734635 0.733796 0.045312 0.212037
0 43 0.738021 0.732407 0.036458 0.185185
0 44 0.773438 0.731944 0.046875 0.176852
0 45 0.857292 0.767130 0.042708 0.132407
0 46 0.945312 0.767593 0.047917 0.168519
0 50 0.957031 0.753704 0.044271 0.209259
0 52 0.540104 0.504167 0.028125 0.106481
0 53 0.508854 0.500463 0.031250 0.126852
0 54 0.427344 0.500926 0.029687 0.125926
0 55 0.783333 0.573148 0.032292 0.140741
0 56 0.476562 0.487037 0.022917 0.090741
0 57 0.454688 0.483333 0.026042 0.101852
0 58 0.412500 0.474074 0.029167 0.112963
0 59 0.390365 0.471759 0.026562 0.112037
0 71 0.465625 0.472685 0.025000 0.104630
0 73 0.749479 0.427778 0.018750 0.074074
0 74 0.754687 0.428241 0.027083 0.082407
