0 1 0.266927 0.628704 0.046354 0.179630
0 2 0.327604 0.632407 0.042708 0.190741
0 3 0.375260 0.647685 0.038021 0.167593
0 7 0.533854 0.623148 0.035417 0.185185
0 8 0.558854 0.619907 0.031250 0.176852
0 9 0.752604 0.512963 0.023958 0.096296
0 10 0.603125 0.634259 0.036458 0.175926
0 12 0.708333 0.917593 0.059375 0.166667
0 13 0.640885 0.911111 0.069271 0.175926
0 15 0.465365 0.589352 0.023438 0.113889
0 16 0.490625 0.580556 0.034375 0.159259
0 17 0.476302 0.630556 0.031771 0.159259
0 18 0.643750 0.607407 0.034375 0.146296
0 19 0.538802 0.583333 0.025521 0.135185
0 20 0.589583 0.588426 0.036458 0.162037
0 21 0.669010 0.604167 0.031771 0.149074
0 23 0.929948 0.725463 0.050521 0.197222
0 25 0.814583 0.711574 0.050000 0.191667
0 26 0.836458 0.703241 0.051042 0.187963
0 27 0.842187 0.693981 0.034375 0.187963
0 31 0.569531 0.909722 0.060937 0.182407
0 32 0.876823 0.693981 0.042188 0.182407
0 35 0.159375 0.837037 0.056250 0.229630
0 36 0.213281 0.852778 0.054688 0.237037
0 37 0.156771 0.904630 0.057292 0.192593
0 38 0.106510 0.804167 0.038021 0.204630
0 39 0.123958 0.826389 0.058333 0.228704
0 40 0.564583 0.697685 0.044792 0.187963
0 41 0.743750 0.712500 0.045833 0.199074
0 42 0.632552 0.719444 0.049479 0.198148
0 43 0.648698 0.716667 0.036979 0.179630
0 44 0.667448 0.708333 0.046354 0.162963
0 45 0.772135 0.749537 0.033854 0.128704
0 46 0.792188 0.764815 0.039583 0.175926
0 50 0.808073 0.735648 0.046354 0.197222
0 52 0.562500 0.526389 0.028125 0.106481
0 53 0.530990 0.519907 0.034896 0.126852
0 54 0.435937 0.524074 0.030208 0.135185
0 55 0.692708 0.587500 0.040625 0.162037
0 56 0.509635 0.505093 0.023438 0.099074
0 57 0.481250 0.496296 0.030208 0.107407
0 58 0.447917 0.489352 0.029167 0.121296
0 59 0.422917 0.486111 0.030208 0.107407
0 60 0.403906 0.484722 0.025521 0.112037
0 61 0.442188 0.471759 0.023958 0.110185
0 62 0.410156 0.467593 0.023438 0.112963
0 63 0.399479 0.464352 0.022917 0.123148
0 71 0.490625 0.489352 0.025000 0.104630
0 73 0.750260 0.433333 0.019271 0.074074
0 74 0.751042 0.430093 0.027083 0.082407
