0 1 0.287240 0.667130 0.052604 0.199074
0 2 0.343229 0.672222 0.044792 0.207407
0 3 0.427865 0.665278 0.035937 0.182407
0 5 0.199219 0.947685 0.068229 0.104630
0 6 0.285938 0.954630 0.083333 0.092593
0 7 0.530990 0.615741 0.039062 0.179630
0 8 0.557813 0.613889 0.034375 0.172222
0 9 0.794531 0.513426 0.024479 0.093519
0 10 0.622396 0.637500 0.036458 0.176852
0 12 0.734896 0.867130 0.052083 0.254630
0 13 0.675781 0.866667 0.053646 0.248148
0 15 0.460677 0.563889 0.023438 0.112963
0 16 0.492969 0.549074 0.028646 0.146296
0 17 0.453646 0.596759 0.030208 0.143519
0 18 0.549740 0.578704 0.033854 0.146296
0 19 0.514583 0.553704 0.026042 0.135185
0 20 0.534896 0.550000 0.031250 0.144444
0 21 0.581771 0.577315 0.031250 0.143519
0 22 0.721615 0.699537 0.047396 0.206481
0 23 0.739062 0.694907 0.042708 0.189815
0 24 0.762500 0.691667 0.044792 0.181481
0 25 0.648177 0.671759 0.051562 0.178704
0 26 0.777604 0.653241 0.041667 0.167593
0 27 0.791146 0.648611 0.031250 0.167593
0 28 0.827344 0.715741 0.053646 0.185185
0 29 0.855729 0.728241 0.038542 0.139815
0 31 0.603125 0.862500 0.056250 0.262037
0 32 0.824219 0.646759 0.040104 0.171296
0 33 0.918229 0.700926 0.045833 0.196296
0 35 0.087500 0.883796 0.060417 0.230556
0 36 0.145313 0.898611 0.055208 0.204630
0 37 0.082292 0.943056 0.055208 0.113889
0 38 0.223958 0.810648 0.042708 0.204630
0 39 0.336979 0.825926 0.075000 0.220370
0 40 0.683854 0.736574 0.040625 0.199074
0 41 0.861458 0.744907 0.061458 0.206481
0 42 0.776042 0.739352 0.051042 0.212037
0 43 0.772396 0.737037 0.036458 0.196296
0 44 0.809115 0.738426 0.046354 0.173148
0 45 0.897917 0.770833 0.042708 0.132407
0 52 0.527344 0.500463 0.029687 0.106481
0 53 0.500521 0.494444 0.032292 0.124074
0 54 0.420052 0.497222 0.029687 0.125926
0 55 0.806510 0.569907 0.030729 0.139815
0 56 0.459635 0.486111 0.023438 0.090741
0 57 0.442708 0.476852 0.026042 0.101852
0 58 0.396875 0.470370 0.029167 0.112963
0 71 0.445312 0.475926 0.025000 0.109259
0 73 0.748437 0.430556 0.018750 0.074074
0 74 0.756250 0.428241 0.027083 0.082407
