0 1 0.259115 0.622222 0.046354 0.179630
0 2 0.317188 0.621296 0.039583 0.192593
0 3 0.350781 0.646759 0.038021 0.169444
0 7 0.536458 0.624537 0.035417 0.187963
0 8 0.566667 0.624537 0.031250 0.178704
0 9 0.743229 0.514815 0.023958 0.096296
0 10 0.605469 0.636574 0.035937 0.178704
0 12 0.697396 0.927315 0.063542 0.147222
0 13 0.630208 0.923611 0.067708 0.152778
0 15 0.462240 0.604167 0.025521 0.115741
0 16 0.491667 0.585648 0.034375 0.160185
0 17 0.481771 0.637500 0.036458 0.160185
0 18 0.669792 0.612037 0.034375 0.146296
0 19 0.557031 0.592130 0.026562 0.136111
0 20 0.605729 0.596296 0.042708 0.162963
0 21 0.696875 0.609722 0.031250 0.149074
0 25 0.842708 0.723148 0.039583 0.201852
0 26 0.862760 0.712500 0.049479 0.195370
0 27 0.853646 0.701389 0.034375 0.187963
0 31 0.557552 0.921296 0.060937 0.159259
0 32 0.892448 0.706944 0.042188 0.187963
0 35 0.173177 0.829167 0.054688 0.236111
0 36 0.222656 0.841204 0.054688 0.226852
0 37 0.171094 0.896759 0.061979 0.208333
0 38 0.100521 0.806944 0.037500 0.210185
0 39 0.106771 0.828241 0.039583 0.237963
0 40 0.540885 0.688426 0.039062 0.187963
0 41 0.746875 0.702315 0.045833 0.191667
0 42 0.619271 0.719444 0.042708 0.200000
0 43 0.636979 0.719444 0.036458 0.179630
0 44 0.637240 0.701389 0.038021 0.162037
0 45 0.773438 0.745833 0.034375 0.128704
0 46 0.757292 0.752315 0.043750 0.169444
0 50 0.780990 0.735185 0.040104 0.196296
0 52 0.568229 0.535185 0.030208 0.107407
0 53 0.536719 0.527778 0.034896 0.125926
0 54 0.439583 0.530556 0.030208 0.135185
0 55 0.667188 0.590741 0.040625 0.162963
0 56 0.517188 0.510648 0.020833 0.099074
0 57 0.487500 0.500926 0.030208 0.107407
0 58 0.455208 0.493981 0.029167 0.121296
0 59 0.422917 0.491667 0.029167 0.112963
0 60 0.403906 0.489815 0.025521 0.112963
0 61 0.460156 0.472685 0.024479 0.110185
0 62 0.429688 0.473148 0.023958 0.112963
0 63 0.415625 0.468056 0.021875 0.123148
0 64 0.401302 0.474537 0.023438 0.112037
0 71 0.498437 0.493981 0.025000 0.104630
0 73 0.750781 0.435185 0.019271 0.074074
0 74 0.753646 0.431019 0.027083 0.082407
