0 1 0.275521 0.636111 0.046875 0.190741
0 2 0.333854 0.637963 0.043750 0.187037
0 3 0.393229 0.653241 0.032292 0.180556
0 7 0.531771 0.620833 0.035417 0.182407
0 8 0.560677 0.614815 0.031771 0.175926
0 9 0.764062 0.507407 0.023958 0.094444
0 10 0.605729 0.628704 0.038542 0.170370
0 12 0.716667 0.908796 0.059375 0.184259
0 13 0.652865 0.904630 0.073438 0.190741
0 15 0.466406 0.582407 0.023438 0.112963
0 16 0.491667 0.574537 0.033333 0.156481
0 17 0.472917 0.623611 0.030208 0.156481
0 18 0.625260 0.601852 0.033854 0.146296
0 19 0.532552 0.573148 0.025521 0.135185
0 20 0.579167 0.581019 0.034375 0.162037
0 21 0.648177 0.600463 0.031771 0.149074
0 22 0.893490 0.719907 0.065104 0.219444
0 23 0.895573 0.711574 0.048438 0.197222
0 24 0.921875 0.715278 0.055208 0.195370
0 25 0.788021 0.700000 0.045833 0.188889
0 26 0.819271 0.695833 0.055208 0.197222
0 27 0.832552 0.684722 0.033854 0.187963
0 31 0.582292 0.899537 0.061458 0.200926
0 32 0.871354 0.684259 0.041667 0.181481
0 35 0.147656 0.847222 0.056771 0.238889
0 36 0.203125 0.863426 0.054167 0.237963
0 37 0.145573 0.910185 0.054688 0.181481
0 38 0.117448 0.807407 0.044271 0.203704
0 39 0.154167 0.825463 0.062500 0.221296
0 40 0.586198 0.706019 0.041146 0.187963
0 41 0.754948 0.719444 0.046354 0.201852
0 42 0.654948 0.719907 0.047396 0.202778
0 43 0.663281 0.718981 0.038021 0.178704
0 44 0.694531 0.711574 0.040104 0.171296
0 45 0.784635 0.754167 0.036979 0.128704
0 46 0.828646 0.762500 0.043750 0.175000
0 50 0.836198 0.736574 0.048438 0.199074
0 52 0.558594 0.520833 0.027604 0.106481
0 53 0.528646 0.514352 0.036458 0.126852
0 54 0.434115 0.516667 0.029687 0.135185
0 55 0.714583 0.584259 0.040625 0.161111
0 56 0.503906 0.500926 0.023438 0.098148
0 57 0.477083 0.487963 0.030208 0.107407
0 58 0.445833 0.484722 0.029167 0.115741
0 59 0.420833 0.481944 0.030208 0.104630
0 60 0.403906 0.481944 0.025521 0.112037
0 61 0.429167 0.469907 0.023958 0.110185
0 62 0.396875 0.463889 0.022917 0.112963
0 71 0.487500 0.486574 0.025000 0.104630
0 73 0.749479 0.431481 0.018750 0.074074
0 74 0.752083 0.430093 0.027083 0.082407
