0 1 0.260156 0.622222 0.046354 0.179630
0 2 0.317969 0.622222 0.040104 0.192593
0 3 0.352344 0.647685 0.038021 0.169444
0 7 0.536198 0.624537 0.034896 0.187963
0 8 0.565885 0.623611 0.031771 0.178704
0 9 0.743750 0.514815 0.023958 0.096296
0 10 0.604948 0.636574 0.035937 0.178704
0 12 0.697917 0.926389 0.063542 0.149074
0 13 0.630469 0.922685 0.067187 0.154630
0 15 0.462500 0.603241 0.025000 0.115741
0 16 0.491927 0.585185 0.033854 0.159259
0 17 0.481250 0.636574 0.036458 0.160185
0 18 0.667708 0.612037 0.034375 0.146296
0 19 0.555469 0.591204 0.026562 0.136111
0 20 0.604167 0.595370 0.042708 0.162963
0 21 0.695052 0.609722 0.031771 0.149074
0 25 0.840365 0.722685 0.041146 0.200926
0 26 0.860156 0.712037 0.049479 0.196296
0 27 0.852604 0.700463 0.034375 0.187963
0 31 0.558073 0.920370 0.060937 0.161111
0 32 0.890625 0.706019 0.041667 0.187963
0 35 0.172135 0.829630 0.054688 0.235185
0 36 0.221875 0.842130 0.055208 0.226852
0 37 0.170052 0.897222 0.061979 0.207407
0 38 0.100000 0.806944 0.037500 0.210185
0 39 0.106771 0.827315 0.039583 0.237963
0 40 0.542708 0.689352 0.038542 0.187963
0 41 0.746354 0.703241 0.045833 0.191667
0 42 0.620052 0.719907 0.043229 0.199074
0 43 0.637500 0.719444 0.036458 0.179630
0 44 0.639583 0.701389 0.038542 0.162037
0 45 0.773438 0.746759 0.034375 0.128704
0 46 0.760156 0.753241 0.042188 0.169444
0 50 0.782813 0.735185 0.040625 0.196296
0 52 0.567708 0.534259 0.030208 0.107407
0 53 0.535677 0.526852 0.034896 0.125926
0 54 0.439063 0.529630 0.030208 0.135185
0 55 0.669271 0.590278 0.040625 0.162037
0 56 0.516667 0.510185 0.021875 0.098148
0 57 0.486979 0.500926 0.030208 0.107407
0 58 0.454688 0.493056 0.029167 0.121296
0 59 0.422396 0.491667 0.029167 0.112963
0 60 0.403906 0.489352 0.025521 0.112037
0 61 0.459115 0.471759 0.024479 0.110185
0 62 0.428646 0.473148 0.023958 0.112963
0 63 0.414062 0.468056 0.021875 0.123148
0 64 0.399740 0.474074 0.023438 0.112963
0 71 0.497917 0.493056 0.025000 0.104630
0 73 0.750781 0.435185 0.019271 0.074074
0 74 0.753125 0.431019 0.027083 0.082407
