0 1 0.283854 0.689352 0.055208 0.202778
0 2 0.342708 0.690278 0.047917 0.212037
0 3 0.414583 0.684259 0.036458 0.185185
0 5 0.223438 0.932870 0.077083 0.136111
0 6 0.310937 0.939352 0.057292 0.123148
0 7 0.536979 0.624074 0.041667 0.181481
0 8 0.562240 0.623611 0.033854 0.178704
0 9 0.792188 0.522685 0.026042 0.093519
0 10 0.623958 0.647222 0.037500 0.179630
0 12 0.734115 0.846296 0.048438 0.246296
0 13 0.684115 0.841667 0.054688 0.248148
0 15 0.458073 0.561111 0.023438 0.112963
0 16 0.487500 0.543981 0.031250 0.145370
0 17 0.446615 0.591204 0.029687 0.141667
0 18 0.533333 0.575000 0.031250 0.144444
0 19 0.511719 0.548148 0.025521 0.135185
0 20 0.534635 0.548611 0.028646 0.141667
0 21 0.561198 0.570833 0.033854 0.136111
0 22 0.649740 0.700000 0.046354 0.201852
0 23 0.675781 0.690741 0.042188 0.190741
0 24 0.698698 0.688426 0.042188 0.173148
0 25 0.592187 0.667130 0.056250 0.176852
0 26 0.746875 0.647685 0.036458 0.169444
0 27 0.764583 0.642130 0.030208 0.154630
0 28 0.774740 0.712963 0.058854 0.185185
0 29 0.797917 0.723148 0.033333 0.140741
0 30 0.891146 0.714352 0.061458 0.199074
0 31 0.616146 0.844444 0.054167 0.259259
0 32 0.796875 0.644907 0.040625 0.171296
0 33 0.869010 0.693981 0.046354 0.197222
0 34 0.960938 0.725000 0.050000 0.175926
0 35 0.064323 0.894444 0.057813 0.209259
0 36 0.114323 0.909722 0.054688 0.182407
0 37 0.058854 0.959259 0.054167 0.081481
0 38 0.266927 0.814815 0.054688 0.203704
0 39 0.416927 0.826852 0.061979 0.225926
0 40 0.736458 0.760185 0.045833 0.209259
0 41 0.924740 0.754630 0.046354 0.207407
0 42 0.821615 0.751852 0.047396 0.212963
0 43 0.820312 0.749074 0.043750 0.196296
0 44 0.858594 0.743056 0.049479 0.173148
0 45 0.951302 0.781481 0.042188 0.133333
0 52 0.510938 0.503241 0.033333 0.106481
0 53 0.484896 0.496759 0.032292 0.123148
0 54 0.411458 0.493519 0.030208 0.125926
0 55 0.828646 0.560185 0.031250 0.140741
0 56 0.435937 0.487963 0.025000 0.090741
0 57 0.418750 0.476852 0.025000 0.101852
0 71 0.421354 0.484722 0.025000 0.112037
0 73 0.744271 0.437037 0.018750 0.074074
0 74 0.753385 0.437500 0.027604 0.086111
