0 1 0.263281 0.625000 0.046354 0.179630
0 2 0.322135 0.626852 0.041146 0.192593
0 3 0.358854 0.648148 0.035417 0.168519
0 7 0.535417 0.624074 0.035417 0.187037
0 8 0.563281 0.622685 0.031771 0.178704
0 9 0.746354 0.514815 0.023958 0.096296
0 10 0.603906 0.636574 0.035937 0.178704
0 12 0.700000 0.923611 0.063542 0.154630
0 13 0.631771 0.918519 0.064583 0.164815
0 15 0.463542 0.598611 0.025000 0.115741
0 16 0.492708 0.583796 0.034375 0.160185
0 17 0.478385 0.634259 0.035937 0.159259
0 18 0.659896 0.610185 0.034375 0.146296
0 19 0.548438 0.588889 0.026042 0.135185
0 20 0.598958 0.593056 0.040625 0.162037
0 21 0.686719 0.606944 0.031771 0.149074
0 25 0.830469 0.719907 0.048438 0.199074
0 26 0.848958 0.710185 0.051042 0.196296
0 27 0.848958 0.698611 0.034375 0.187963
0 31 0.560156 0.916667 0.060937 0.168519
0 32 0.885417 0.701852 0.041667 0.187037
0 35 0.167969 0.832407 0.055729 0.233333
0 36 0.219010 0.845370 0.054688 0.229630
0 37 0.165625 0.900000 0.060417 0.201852
0 38 0.099479 0.806944 0.037500 0.210185
0 39 0.109896 0.827315 0.043750 0.236111
0 40 0.550000 0.692130 0.040625 0.187963
0 41 0.745313 0.706481 0.045833 0.194444
0 42 0.623958 0.719907 0.044792 0.199074
0 43 0.640625 0.716667 0.036458 0.179630
0 44 0.648958 0.704167 0.041667 0.162037
0 45 0.772396 0.747685 0.034375 0.128704
0 46 0.770573 0.756481 0.040104 0.170370
0 50 0.790625 0.735185 0.043750 0.196296
0 52 0.566146 0.531944 0.029167 0.106481
0 53 0.532813 0.524074 0.033333 0.125926
0 54 0.437500 0.527778 0.030208 0.135185
0 55 0.677083 0.589352 0.040625 0.162037
0 56 0.514583 0.508796 0.023958 0.099074
0 57 0.484896 0.499074 0.030208 0.107407
0 58 0.452083 0.491204 0.029167 0.121296
0 59 0.422396 0.489815 0.029167 0.111111
0 60 0.403906 0.487500 0.025521 0.112037
0 61 0.453646 0.471759 0.023958 0.110185
0 62 0.422396 0.471296 0.023958 0.112963
0 63 0.407813 0.466204 0.021875 0.123148
0 64 0.394531 0.472685 0.023438 0.112037
0 71 0.495833 0.492130 0.025000 0.104630
0 73 0.750521 0.434259 0.019792 0.074074
0 74 0.752083 0.431019 0.027083 0.082407
