0 1 0.282813 0.651852 0.050000 0.190741
0 2 0.342187 0.649537 0.043750 0.199074
0 3 0.420833 0.653704 0.036458 0.172222
0 7 0.531771 0.613426 0.035417 0.180556
0 8 0.563802 0.613889 0.033854 0.174074
0 9 0.781771 0.505093 0.023958 0.093519
0 10 0.618750 0.627315 0.038542 0.167593
0 12 0.722656 0.888426 0.054688 0.221296
0 13 0.672135 0.889815 0.065104 0.222222
0 15 0.465885 0.575000 0.023438 0.112963
0 16 0.494792 0.563426 0.031250 0.150926
0 17 0.465625 0.609259 0.030208 0.151852
0 18 0.590885 0.593519 0.034896 0.144444
0 19 0.526302 0.562037 0.025521 0.135185
0 20 0.555729 0.565741 0.034375 0.148148
0 21 0.616146 0.591204 0.031250 0.149074
0 22 0.835677 0.709722 0.063021 0.208333
0 23 0.835156 0.701852 0.036979 0.198148
0 24 0.859635 0.700463 0.047396 0.189815
0 25 0.738281 0.686574 0.048438 0.186111
0 26 0.800260 0.677315 0.050521 0.189815
0 27 0.824740 0.662963 0.033854 0.170370
0 28 0.930729 0.732407 0.064583 0.187037
0 31 0.596875 0.883796 0.060417 0.230556
0 32 0.854167 0.668056 0.041667 0.173148
0 35 0.125260 0.864352 0.059896 0.245370
0 36 0.185156 0.881019 0.053646 0.239815
0 37 0.122656 0.921296 0.054688 0.159259
0 38 0.166146 0.806944 0.045833 0.204630
0 39 0.232813 0.825463 0.075000 0.223148
0 40 0.626563 0.710648 0.040625 0.193519
0 41 0.784115 0.730556 0.054688 0.203704
0 42 0.702083 0.726852 0.047917 0.205556
0 43 0.701302 0.726389 0.036979 0.182407
0 44 0.742448 0.724074 0.042188 0.174074
0 45 0.817708 0.764352 0.042708 0.132407
0 46 0.896094 0.766204 0.053646 0.167593
0 50 0.909115 0.749074 0.050521 0.198148
0 52 0.552083 0.511574 0.028125 0.106481
0 53 0.520573 0.506019 0.031771 0.126852
0 54 0.431510 0.506481 0.029687 0.131481
0 55 0.756250 0.585648 0.039583 0.160185
0 56 0.492188 0.488889 0.022917 0.090741
0 57 0.467448 0.484722 0.029687 0.106481
0 58 0.430469 0.477778 0.029687 0.112963
0 59 0.406250 0.479167 0.030208 0.112037
0 60 0.395833 0.475000 0.021875 0.107407
0 61 0.402083 0.464352 0.023958 0.110185
0 71 0.479948 0.478241 0.025521 0.104630
0 73 0.748437 0.428704 0.018750 0.074074
0 74 0.753646 0.429167 0.027083 0.082407
