0 1 0.281771 0.644444 0.047917 0.190741
0 2 0.341146 0.645833 0.043750 0.197222
0 3 0.413021 0.654167 0.035417 0.173148
0 7 0.531771 0.615278 0.035417 0.180556
0 8 0.561458 0.613889 0.033333 0.175926
0 9 0.777083 0.504167 0.023958 0.093519
0 10 0.615625 0.626852 0.038542 0.168519
0 12 0.719271 0.893519 0.057292 0.211111
0 13 0.667708 0.893519 0.064583 0.214815
0 15 0.466406 0.577778 0.023438 0.112963
0 16 0.494792 0.565741 0.032292 0.151852
0 17 0.468229 0.613426 0.030208 0.154630
0 18 0.600521 0.597685 0.033333 0.145370
0 19 0.527865 0.564815 0.025521 0.135185
0 20 0.563802 0.569907 0.034896 0.154630
0 21 0.625521 0.595833 0.031250 0.149074
0 22 0.850000 0.713426 0.069792 0.210185
0 23 0.854167 0.704167 0.037500 0.199074
0 24 0.876042 0.704167 0.046875 0.193519
0 25 0.754687 0.690741 0.058333 0.187037
0 26 0.807813 0.681481 0.059375 0.188889
0 27 0.825521 0.669444 0.033333 0.177778
0 28 0.950781 0.734259 0.060937 0.187037
0 31 0.592969 0.887500 0.061979 0.223148
0 32 0.859375 0.673611 0.041667 0.175000
0 35 0.132292 0.859722 0.058333 0.245370
0 36 0.188802 0.877778 0.054688 0.244444
0 37 0.130469 0.917130 0.054688 0.167593
0 38 0.150000 0.809259 0.042708 0.203704
0 39 0.202083 0.825926 0.057292 0.225926
0 40 0.616146 0.715741 0.040625 0.187037
0 41 0.773177 0.727778 0.052604 0.203704
0 42 0.686719 0.725000 0.049479 0.205556
0 43 0.688542 0.722222 0.037500 0.179630
0 44 0.728385 0.720370 0.042188 0.172222
0 45 0.805729 0.760648 0.042708 0.130556
0 46 0.879687 0.764352 0.038542 0.167593
0 50 0.884635 0.743519 0.051562 0.198148
0 52 0.553906 0.514352 0.027604 0.106481
0 53 0.522917 0.507870 0.033333 0.126852
0 54 0.432031 0.510185 0.029687 0.135185
0 55 0.743490 0.583796 0.040104 0.160185
0 56 0.496615 0.493056 0.023438 0.093519
0 57 0.470833 0.485185 0.030208 0.107407
0 58 0.436458 0.479630 0.029167 0.112963
0 59 0.411458 0.480556 0.030208 0.111111
0 60 0.401042 0.477315 0.022917 0.108333
0 61 0.411458 0.466204 0.023958 0.110185
0 71 0.482812 0.481944 0.025000 0.104630
0 73 0.748958 0.429630 0.018750 0.074074
0 74 0.753125 0.429167 0.027083 0.082407
