0 1 0.283333 0.651852 0.050000 0.190741
0 2 0.342708 0.650463 0.043750 0.199074
0 3 0.423698 0.654630 0.040104 0.170370
0 5 0.174479 0.976852 0.040625 0.046296
0 7 0.531771 0.612037 0.035417 0.179630
0 8 0.563281 0.613426 0.033854 0.175000
0 9 0.784375 0.505093 0.023958 0.093519
0 10 0.620573 0.628241 0.038021 0.167593
0 12 0.725000 0.886111 0.053125 0.225926
0 13 0.674479 0.887963 0.065625 0.225926
0 15 0.465365 0.574074 0.023438 0.112963
0 16 0.494271 0.562037 0.031250 0.150000
0 17 0.464583 0.607407 0.030208 0.150000
0 18 0.585938 0.591204 0.036458 0.143519
0 19 0.525521 0.560185 0.026042 0.135185
0 20 0.551823 0.564352 0.033854 0.145370
0 21 0.611458 0.588426 0.031250 0.149074
0 22 0.831510 0.706944 0.055729 0.206481
0 23 0.825260 0.700926 0.038021 0.196296
0 24 0.851562 0.700463 0.040625 0.189815
0 25 0.728646 0.685185 0.044792 0.185185
0 26 0.796354 0.675000 0.045833 0.190741
0 27 0.823438 0.660648 0.033333 0.167593
0 28 0.920573 0.730556 0.064062 0.187037
0 29 0.946615 0.738889 0.038021 0.146296
0 31 0.598958 0.882407 0.059375 0.233333
0 32 0.851562 0.664352 0.041667 0.173148
0 35 0.121875 0.867130 0.061458 0.245370
0 36 0.182552 0.882407 0.053646 0.237037
0 37 0.118490 0.923148 0.054688 0.155556
0 38 0.173698 0.805093 0.047396 0.204630
0 39 0.239063 0.826389 0.075000 0.221296
0 40 0.632552 0.714352 0.040104 0.193519
0 41 0.790104 0.731481 0.056250 0.203704
0 42 0.707031 0.728241 0.047396 0.208333
0 43 0.707812 0.728241 0.036458 0.184259
0 44 0.749219 0.725926 0.042188 0.175926
0 45 0.823958 0.766204 0.042708 0.132407
0 46 0.901563 0.766204 0.054167 0.167593
0 50 0.917969 0.747222 0.050521 0.198148
0 52 0.550521 0.510648 0.028125 0.106481
0 53 0.517969 0.504167 0.031771 0.126852
0 54 0.430990 0.504167 0.029687 0.128704
0 55 0.761719 0.583796 0.038021 0.156481
0 56 0.489583 0.487963 0.022917 0.090741
0 57 0.464844 0.484722 0.028646 0.104630
0 58 0.427344 0.476852 0.029687 0.112963
0 59 0.403385 0.477315 0.029687 0.112037
0 60 0.392708 0.474074 0.021875 0.107407
0 61 0.397396 0.463426 0.023958 0.110185
0 71 0.479167 0.477315 0.025000 0.104630
0 73 0.748437 0.427778 0.018750 0.074074
0 74 0.753646 0.429167 0.027083 0.082407
