0 1 0.275521 0.635185 0.046875 0.190741
0 2 0.334896 0.638889 0.043750 0.188889
0 3 0.396875 0.654167 0.031250 0.180556
0 7 0.531771 0.619907 0.035417 0.182407
0 8 0.560677 0.614815 0.031771 0.175926
0 9 0.766146 0.506481 0.023958 0.094444
0 10 0.607292 0.628241 0.038542 0.169444
0 12 0.717969 0.907407 0.059896 0.187037
0 13 0.655208 0.903704 0.072917 0.194444
0 15 0.466406 0.582407 0.023438 0.112963
0 16 0.492188 0.573148 0.033333 0.155556
0 17 0.472396 0.622222 0.030208 0.155556
0 18 0.621615 0.600926 0.033854 0.146296
0 19 0.531510 0.571296 0.025521 0.135185
0 20 0.577344 0.579167 0.034896 0.162037
0 21 0.645052 0.600463 0.031771 0.149074
0 22 0.887760 0.719444 0.070312 0.220370
0 23 0.889583 0.710185 0.046875 0.198148
0 24 0.916667 0.714352 0.053125 0.195370
0 25 0.786458 0.697685 0.043750 0.187963
0 26 0.817969 0.693056 0.057813 0.195370
0 27 0.830729 0.681944 0.033333 0.187963
0 31 0.583594 0.897685 0.061979 0.204630
0 32 0.870313 0.682407 0.041667 0.181481
0 35 0.145573 0.849537 0.056771 0.239815
0 36 0.201042 0.865278 0.054167 0.237963
0 37 0.143750 0.910648 0.055208 0.180556
0 38 0.121615 0.806481 0.046354 0.203704
0 39 0.160677 0.824074 0.059896 0.220370
0 40 0.590104 0.707870 0.040625 0.187963
0 41 0.758073 0.721296 0.046354 0.203704
0 42 0.659115 0.719907 0.044271 0.204630
0 43 0.666406 0.718981 0.038021 0.178704
0 44 0.699479 0.713426 0.040625 0.171296
0 45 0.787240 0.755093 0.038021 0.128704
0 46 0.834896 0.762500 0.045833 0.173148
0 50 0.841927 0.736574 0.049479 0.199074
0 52 0.558073 0.519907 0.027604 0.106481
0 53 0.527865 0.513426 0.035937 0.126852
0 54 0.434115 0.515741 0.029687 0.135185
0 55 0.718750 0.583796 0.040625 0.160185
0 56 0.503385 0.500000 0.023438 0.098148
0 57 0.476042 0.486111 0.030208 0.107407
0 58 0.445312 0.483333 0.029167 0.114815
0 59 0.420312 0.481944 0.030208 0.104630
0 60 0.403906 0.481944 0.025521 0.112037
0 61 0.426823 0.468981 0.023438 0.110185
0 62 0.394792 0.463889 0.022917 0.112963
0 71 0.487500 0.485648 0.025000 0.104630
0 73 0.749479 0.431481 0.018750 0.074074
0 74 0.752083 0.430093 0.027083 0.082407
