0 1 0.283854 0.651852 0.050000 0.190741
0 2 0.343229 0.651389 0.043750 0.199074
0 3 0.425260 0.655556 0.042188 0.170370
0 5 0.175000 0.975000 0.043750 0.050000
0 7 0.531771 0.611111 0.035417 0.179630
0 8 0.562240 0.612963 0.033854 0.175926
0 9 0.785417 0.506019 0.023958 0.093519
0 10 0.620573 0.628704 0.038021 0.168519
0 12 0.725521 0.884722 0.053125 0.228704
0 13 0.674740 0.886574 0.065104 0.228704
0 15 0.464844 0.573148 0.023438 0.112963
0 16 0.494271 0.560648 0.031250 0.149074
0 17 0.464062 0.606019 0.030208 0.149074
0 18 0.582812 0.589352 0.037500 0.143519
0 19 0.525000 0.559259 0.026042 0.135185
0 20 0.550260 0.562500 0.033854 0.145370
0 21 0.608333 0.586574 0.031250 0.149074
0 22 0.822656 0.706481 0.054688 0.205556
0 23 0.818229 0.700463 0.038542 0.195370
0 24 0.846354 0.700463 0.035417 0.189815
0 25 0.722396 0.685185 0.041667 0.185185
0 26 0.794271 0.673148 0.044792 0.188889
0 27 0.821354 0.660648 0.033333 0.167593
0 28 0.913281 0.729630 0.063021 0.187037
0 29 0.938802 0.738889 0.038021 0.146296
0 31 0.599479 0.881481 0.058333 0.237037
0 32 0.850000 0.661574 0.041667 0.173148
0 35 0.119531 0.868056 0.061979 0.245370
0 36 0.180208 0.883333 0.054167 0.235185
0 37 0.115885 0.924537 0.054688 0.152778
0 38 0.178646 0.804167 0.045833 0.204630
0 39 0.245052 0.825000 0.064062 0.222222
0 40 0.636198 0.716204 0.040104 0.193519
0 41 0.794271 0.731481 0.056250 0.203704
0 42 0.710677 0.729630 0.047396 0.209259
0 43 0.711979 0.729630 0.036458 0.185185
0 44 0.753385 0.726852 0.042188 0.175926
0 45 0.828646 0.766204 0.042708 0.132407
0 46 0.907813 0.767130 0.053125 0.167593
0 50 0.923958 0.746296 0.050000 0.198148
0 52 0.548958 0.509722 0.028125 0.106481
0 53 0.516667 0.504167 0.031250 0.126852
0 54 0.430990 0.502778 0.029687 0.127778
0 55 0.764583 0.581019 0.036458 0.152778
0 56 0.488021 0.487963 0.022917 0.090741
0 57 0.463542 0.484722 0.028125 0.104630
0 58 0.425260 0.476852 0.029687 0.112963
0 59 0.401823 0.477315 0.029687 0.112037
0 60 0.390625 0.474074 0.021875 0.107407
0 61 0.394271 0.462500 0.023958 0.110185
0 71 0.478385 0.475463 0.025521 0.104630
0 73 0.748437 0.427778 0.018750 0.074074
0 74 0.754167 0.429167 0.027083 0.082407
