0 1 0.275521 0.635185 0.046875 0.190741
0 2 0.334375 0.638426 0.043750 0.187963
0 3 0.395573 0.654630 0.029687 0.181481
0 7 0.531771 0.620833 0.035417 0.182407
0 8 0.560677 0.614815 0.031771 0.175926
0 9 0.765104 0.507407 0.023958 0.094444
0 10 0.606771 0.628704 0.038542 0.170370
0 12 0.717448 0.908333 0.059896 0.185185
0 13 0.654167 0.904630 0.073958 0.192593
0 15 0.466406 0.582407 0.023438 0.112963
0 16 0.491927 0.573611 0.033854 0.156481
0 17 0.472396 0.622685 0.030208 0.156481
0 18 0.623698 0.601852 0.033854 0.146296
0 19 0.532031 0.572222 0.025521 0.135185
0 20 0.578385 0.580093 0.034896 0.162037
0 21 0.646615 0.600463 0.031771 0.149074
0 22 0.890625 0.719444 0.067708 0.220370
0 23 0.892708 0.710648 0.047917 0.197222
0 24 0.919271 0.714352 0.054167 0.195370
0 25 0.787500 0.699074 0.044792 0.188889
0 26 0.818750 0.694444 0.056250 0.196296
0 27 0.831510 0.682870 0.033854 0.187963
0 31 0.582812 0.898611 0.061458 0.202778
0 32 0.870833 0.683333 0.041667 0.181481
0 35 0.146615 0.848148 0.056771 0.238889
0 36 0.202083 0.864352 0.054167 0.237963
0 37 0.144531 0.910648 0.054688 0.180556
0 38 0.119531 0.806481 0.045312 0.203704
0 39 0.157292 0.824537 0.061458 0.221296
0 40 0.588281 0.706944 0.041146 0.187963
0 41 0.756510 0.719907 0.046354 0.202778
0 42 0.656771 0.719444 0.045833 0.203704
0 43 0.664844 0.718981 0.038021 0.178704
0 44 0.696875 0.712500 0.040625 0.171296
0 45 0.785937 0.754630 0.037500 0.129630
0 46 0.831771 0.762500 0.044792 0.173148
0 50 0.839063 0.736574 0.048958 0.199074
0 52 0.558333 0.520833 0.028125 0.106481
0 53 0.528646 0.514352 0.036458 0.126852
0 54 0.434115 0.515741 0.029687 0.135185
0 55 0.716667 0.584259 0.040625 0.161111
0 56 0.503906 0.500926 0.023438 0.098148
0 57 0.476562 0.487037 0.030208 0.107407
0 58 0.445833 0.483796 0.029167 0.115741
0 59 0.420833 0.481944 0.030208 0.104630
0 60 0.403906 0.481944 0.025521 0.112037
0 61 0.428125 0.469907 0.023958 0.110185
0 62 0.395833 0.463889 0.022917 0.112963
0 71 0.487500 0.486574 0.025000 0.104630
0 73 0.749479 0.431481 0.018750 0.074074
0 74 0.752083 0.430093 0.027083 0.082407
