0 1 0.263802 0.625926 0.046354 0.179630
0 2 0.324479 0.629630 0.041667 0.192593
0 3 0.362500 0.647685 0.033333 0.167593
0 7 0.534896 0.624074 0.035417 0.187037
0 8 0.561979 0.622222 0.031250 0.177778
0 9 0.747396 0.514815 0.023958 0.096296
0 10 0.603385 0.636574 0.035937 0.178704
0 12 0.701042 0.922685 0.063542 0.156481
0 13 0.633854 0.916204 0.065625 0.167593
0 15 0.463802 0.596296 0.024479 0.114815
0 16 0.492188 0.582870 0.034375 0.160185
0 17 0.477865 0.633333 0.034896 0.159259
0 18 0.655729 0.610185 0.034375 0.146296
0 19 0.544792 0.587963 0.026042 0.135185
0 20 0.596615 0.592130 0.040104 0.162037
0 21 0.682552 0.606019 0.031771 0.149074
0 23 0.949479 0.733333 0.052083 0.198148
0 25 0.825521 0.718519 0.052083 0.198148
0 26 0.845833 0.708333 0.051042 0.194444
0 27 0.847396 0.696759 0.034375 0.187963
0 31 0.562240 0.914815 0.060937 0.172222
0 32 0.883333 0.700000 0.041667 0.185185
0 35 0.165885 0.833333 0.055729 0.231481
0 36 0.217708 0.847222 0.055208 0.231481
0 37 0.163542 0.900926 0.059375 0.200000
0 38 0.099479 0.806944 0.037500 0.210185
0 39 0.113021 0.828241 0.046875 0.234259
0 40 0.553646 0.693056 0.041667 0.187963
0 41 0.744792 0.707870 0.045833 0.195370
0 42 0.626042 0.719907 0.045833 0.199074
0 43 0.642188 0.715741 0.036458 0.179630
0 44 0.653385 0.705093 0.043229 0.162037
0 45 0.771875 0.747685 0.034375 0.128704
0 46 0.775000 0.758333 0.039583 0.170370
0 50 0.794531 0.735185 0.045312 0.196296
0 52 0.565104 0.530556 0.029167 0.107407
0 53 0.532031 0.522685 0.033854 0.126852
0 54 0.436979 0.526852 0.030208 0.135185
0 55 0.680729 0.588889 0.040625 0.161111
0 56 0.513021 0.507870 0.023958 0.099074
0 57 0.483854 0.498148 0.030208 0.107407
0 58 0.451042 0.490278 0.029167 0.121296
0 59 0.422656 0.488426 0.029687 0.110185
0 60 0.403906 0.486574 0.025521 0.112037
0 61 0.451042 0.471759 0.023958 0.110185
0 62 0.419271 0.470370 0.023958 0.112963
0 63 0.405469 0.465278 0.022396 0.123148
0 64 0.392448 0.472685 0.023438 0.112037
0 71 0.494792 0.491204 0.025000 0.104630
0 73 0.750260 0.434259 0.019271 0.074074
0 74 0.751563 0.431019 0.027083 0.082407
