0 1 0.286719 0.679630 0.052604 0.198148
0 2 0.343229 0.680556 0.044792 0.207407
0 3 0.425521 0.671296 0.038542 0.181481
0 5 0.203906 0.943981 0.077604 0.113889
0 6 0.301563 0.946759 0.064583 0.108333
0 7 0.530729 0.618519 0.040625 0.179630
0 8 0.558594 0.617593 0.033854 0.174074
0 9 0.793750 0.517593 0.025000 0.092593
0 10 0.623177 0.642130 0.036979 0.178704
0 12 0.733854 0.861111 0.052083 0.253704
0 13 0.678385 0.855556 0.059896 0.248148
0 15 0.459635 0.562963 0.023438 0.112963
0 16 0.489583 0.545370 0.031250 0.146296
0 17 0.451042 0.594907 0.030208 0.143519
0 18 0.540365 0.576852 0.033854 0.146296
0 19 0.513542 0.550926 0.026042 0.135185
0 20 0.534635 0.549074 0.029687 0.142593
0 21 0.571615 0.574537 0.032813 0.141667
0 22 0.690104 0.700000 0.045833 0.205556
0 23 0.711719 0.692593 0.042188 0.190741
0 24 0.733073 0.688889 0.042188 0.177778
0 25 0.622917 0.667593 0.042708 0.175926
0 26 0.765365 0.653241 0.039062 0.171296
0 27 0.779167 0.647222 0.031250 0.162963
0 28 0.798958 0.715741 0.051042 0.185185
0 29 0.829688 0.726389 0.035417 0.139815
0 30 0.933073 0.714352 0.060937 0.199074
0 31 0.607812 0.854630 0.056250 0.262963
0 32 0.812240 0.644907 0.040104 0.171296
0 33 0.893490 0.698611 0.046354 0.197222
0 35 0.076042 0.887963 0.058333 0.222222
0 36 0.131250 0.902778 0.055208 0.196296
0 37 0.072656 0.950000 0.054688 0.100000
0 38 0.240365 0.812037 0.047396 0.203704
0 39 0.372135 0.826852 0.061979 0.225926
0 40 0.709115 0.748611 0.040104 0.204630
0 41 0.890625 0.750463 0.048958 0.206481
0 42 0.796354 0.742593 0.050000 0.212963
0 43 0.794531 0.737963 0.043229 0.196296
0 44 0.830208 0.738426 0.045833 0.173148
0 45 0.921875 0.778241 0.042708 0.132407
0 52 0.519271 0.502315 0.032292 0.106481
0 53 0.493750 0.494907 0.032292 0.123148
0 54 0.416406 0.496296 0.029687 0.125926
0 55 0.818490 0.564815 0.030729 0.140741
0 56 0.447396 0.487963 0.023958 0.090741
0 57 0.432292 0.476852 0.026042 0.101852
0 58 0.387500 0.468981 0.029167 0.108333
0 71 0.434375 0.480093 0.025000 0.112037
0 73 0.746875 0.433333 0.018750 0.074074
0 74 0.755729 0.430556 0.027083 0.083333
