0 1 0.257031 0.620370 0.046354 0.179630
0 2 0.315104 0.620370 0.039583 0.188889
0 3 0.346094 0.645370 0.038021 0.168519
0 7 0.536979 0.624537 0.035417 0.187963
0 8 0.568490 0.625000 0.031771 0.179630
0 9 0.741667 0.514815 0.023958 0.096296
0 10 0.606510 0.636574 0.035937 0.178704
0 12 0.696875 0.929630 0.063542 0.142593
0 13 0.629167 0.927315 0.069792 0.145370
0 15 0.461458 0.607407 0.026042 0.116667
0 16 0.491406 0.587037 0.033854 0.159259
0 17 0.483854 0.639815 0.036458 0.161111
0 18 0.675000 0.613889 0.034375 0.146296
0 19 0.562500 0.593981 0.027083 0.136111
0 20 0.611458 0.599074 0.042708 0.162963
0 21 0.702865 0.611574 0.031771 0.149074
0 25 0.848437 0.725926 0.037500 0.203704
0 26 0.871354 0.714352 0.047917 0.195370
0 27 0.857812 0.704167 0.034375 0.187963
0 31 0.555469 0.924537 0.060937 0.152778
0 32 0.897656 0.710648 0.042188 0.187963
0 35 0.176302 0.827315 0.054688 0.237963
0 36 0.224740 0.838889 0.053646 0.227778
0 37 0.175521 0.895370 0.062500 0.211111
0 38 0.101042 0.806944 0.037500 0.210185
0 39 0.107292 0.829630 0.040625 0.238889
0 40 0.535937 0.687500 0.039583 0.187963
0 41 0.747656 0.700926 0.045312 0.190741
0 42 0.617188 0.718519 0.042708 0.200000
0 43 0.635417 0.720370 0.036458 0.179630
0 44 0.630208 0.699537 0.036458 0.162037
0 45 0.774479 0.743981 0.034375 0.128704
0 46 0.748698 0.750926 0.046354 0.168519
0 50 0.776302 0.733333 0.040104 0.196296
0 52 0.569271 0.537500 0.030208 0.108333
0 53 0.538802 0.530556 0.035937 0.125926
0 54 0.441146 0.532407 0.030208 0.135185
0 55 0.660937 0.591667 0.040625 0.162963
0 56 0.518750 0.512037 0.019792 0.098148
0 57 0.489583 0.502778 0.030208 0.107407
0 58 0.456771 0.495833 0.029167 0.121296
0 59 0.425521 0.494444 0.030208 0.112963
0 60 0.404427 0.492593 0.025521 0.112963
0 61 0.463021 0.475000 0.025000 0.109259
0 62 0.433333 0.474074 0.023958 0.112963
0 63 0.419792 0.469907 0.021875 0.123148
0 64 0.404948 0.475463 0.023438 0.112037
0 71 0.499479 0.494907 0.025000 0.104630
0 73 0.750781 0.435185 0.019271 0.074074
0 74 0.754167 0.431944 0.027083 0.082407
