0 1 0.283854 0.687037 0.055208 0.201852
0 2 0.342969 0.689815 0.047396 0.211111
0 3 0.416146 0.684259 0.036458 0.185185
0 5 0.222656 0.933796 0.077604 0.134259
0 6 0.309896 0.940278 0.058333 0.121296
0 7 0.535937 0.623148 0.041667 0.181481
0 8 0.561719 0.622685 0.033854 0.178704
0 9 0.792708 0.522685 0.026042 0.093519
0 10 0.623958 0.646759 0.037500 0.180556
0 12 0.734115 0.847685 0.048438 0.247222
0 13 0.683594 0.842593 0.055729 0.248148
0 15 0.458073 0.561111 0.023438 0.112963
0 16 0.488021 0.544444 0.031250 0.146296
0 17 0.446615 0.591667 0.029687 0.142593
0 18 0.533594 0.575000 0.031771 0.144444
0 19 0.512240 0.548148 0.025521 0.135185
0 20 0.534635 0.548611 0.028646 0.141667
0 21 0.561979 0.571296 0.034375 0.137037
0 22 0.653125 0.699074 0.046875 0.200000
0 23 0.679167 0.690741 0.042708 0.190741
0 24 0.701823 0.688426 0.042188 0.173148
0 25 0.594792 0.666667 0.054167 0.175926
0 26 0.748958 0.648148 0.036458 0.170370
0 27 0.765885 0.642593 0.030729 0.155556
0 28 0.776823 0.712963 0.057813 0.185185
0 29 0.800781 0.724074 0.033854 0.140741
0 30 0.894792 0.714352 0.061458 0.199074
0 31 0.615365 0.845370 0.054688 0.259259
0 32 0.798438 0.644907 0.040625 0.171296
0 33 0.871615 0.694907 0.046354 0.197222
0 34 0.964323 0.725463 0.048438 0.175000
0 35 0.065365 0.893981 0.057813 0.210185
0 36 0.115625 0.909259 0.055208 0.183333
0 37 0.060417 0.957870 0.054167 0.084259
0 38 0.265885 0.813889 0.052604 0.203704
0 39 0.412500 0.826852 0.060417 0.227778
0 40 0.733594 0.759722 0.044271 0.210185
0 41 0.921354 0.754167 0.043750 0.208333
0 42 0.819010 0.751852 0.050521 0.212963
0 43 0.817187 0.749074 0.043750 0.196296
0 44 0.855729 0.742130 0.048958 0.173148
0 45 0.948438 0.781019 0.042708 0.132407
0 52 0.511458 0.503241 0.033333 0.106481
0 53 0.485417 0.496759 0.032292 0.123148
0 54 0.411979 0.493519 0.030208 0.125926
0 55 0.828125 0.561111 0.031250 0.140741
0 56 0.436458 0.487963 0.025000 0.090741
0 57 0.420052 0.476852 0.025521 0.101852
0 71 0.422396 0.484722 0.025000 0.112037
0 73 0.744792 0.437037 0.018750 0.074074
0 74 0.753906 0.436574 0.027604 0.086111
