0 1 0.282813 0.651852 0.050000 0.190741
0 2 0.342708 0.649537 0.043750 0.199074
0 3 0.421615 0.654167 0.038021 0.171296
0 7 0.531771 0.612500 0.035417 0.180556
0 8 0.564323 0.614352 0.033854 0.173148
0 9 0.782813 0.505093 0.023958 0.093519
0 10 0.619271 0.627315 0.038542 0.167593
0 12 0.723437 0.887963 0.054167 0.222222
0 13 0.672656 0.888889 0.065104 0.224074
0 15 0.465365 0.575000 0.023438 0.112963
0 16 0.494792 0.562963 0.031250 0.150000
0 17 0.465625 0.608333 0.030208 0.151852
0 18 0.589063 0.592593 0.035417 0.144444
0 19 0.526042 0.561111 0.026042 0.135185
0 20 0.554427 0.565278 0.033854 0.147222
0 21 0.614583 0.590278 0.031250 0.149074
0 22 0.834375 0.708333 0.060417 0.207407
0 23 0.831771 0.701389 0.037500 0.197222
0 24 0.857031 0.700463 0.045312 0.189815
0 25 0.735156 0.685648 0.047396 0.186111
0 26 0.798958 0.676852 0.048958 0.190741
0 27 0.824740 0.662037 0.033854 0.168519
0 28 0.927865 0.732407 0.065104 0.187037
0 31 0.597656 0.883333 0.059896 0.231481
0 32 0.853125 0.666204 0.041667 0.173148
0 35 0.123958 0.865278 0.060417 0.245370
0 36 0.184896 0.881481 0.053125 0.238889
0 37 0.121094 0.921759 0.054688 0.158333
0 38 0.168750 0.806019 0.046875 0.204630
0 39 0.234896 0.825926 0.075000 0.222222
0 40 0.628646 0.711574 0.040625 0.193519
0 41 0.785937 0.731481 0.056250 0.203704
0 42 0.703646 0.727315 0.047917 0.206481
0 43 0.703385 0.726852 0.036979 0.183333
0 44 0.744531 0.724537 0.042188 0.175000
0 45 0.819792 0.765278 0.042708 0.132407
0 46 0.897917 0.766204 0.054167 0.167593
0 50 0.911719 0.748148 0.050521 0.198148
0 52 0.551562 0.511574 0.028125 0.106481
0 53 0.519531 0.505093 0.031771 0.126852
0 54 0.431510 0.506019 0.029687 0.130556
0 55 0.758854 0.586574 0.039583 0.160185
0 56 0.491146 0.488889 0.022917 0.090741
0 57 0.466667 0.484722 0.029167 0.106481
0 58 0.429948 0.477778 0.029687 0.112963
0 59 0.405469 0.478241 0.029687 0.112037
0 60 0.394792 0.475000 0.021875 0.107407
0 61 0.400521 0.464352 0.023958 0.110185
0 71 0.479687 0.478241 0.025000 0.104630
0 73 0.748437 0.427778 0.018750 0.074074
0 74 0.753646 0.429167 0.027083 0.082407
