0 1 0.283854 0.682870 0.055208 0.199074
0 2 0.342969 0.687500 0.046354 0.210185
0 3 0.417969 0.680093 0.035937 0.184259
0 5 0.218490 0.935648 0.077604 0.130556
0 6 0.308333 0.941667 0.059375 0.118519
0 7 0.533854 0.621759 0.041667 0.180556
0 8 0.560677 0.621296 0.033854 0.177778
0 9 0.792708 0.521296 0.026042 0.092593
0 10 0.623437 0.645370 0.037500 0.179630
0 12 0.734115 0.850926 0.049479 0.248148
0 13 0.682552 0.845370 0.056771 0.248148
0 15 0.458594 0.561111 0.023438 0.112963
0 16 0.488021 0.544444 0.031250 0.146296
0 17 0.447656 0.592130 0.029687 0.143519
0 18 0.534896 0.575463 0.032292 0.145370
0 19 0.512240 0.548148 0.025521 0.135185
0 20 0.534635 0.548611 0.028646 0.141667
0 21 0.563542 0.572222 0.034375 0.138889
0 22 0.662760 0.698611 0.047396 0.199074
0 23 0.685937 0.690741 0.041667 0.190741
0 24 0.708073 0.688889 0.042188 0.174074
0 25 0.601042 0.666667 0.050000 0.175926
0 26 0.752083 0.650926 0.036458 0.172222
0 27 0.768490 0.643981 0.030729 0.158333
0 28 0.781250 0.713889 0.056250 0.185185
0 29 0.806510 0.724074 0.033854 0.140741
0 30 0.902083 0.715278 0.061458 0.199074
0 31 0.613542 0.847222 0.055208 0.261111
0 32 0.801042 0.644907 0.040625 0.171296
0 33 0.876563 0.696296 0.046875 0.198148
0 34 0.971094 0.725926 0.045312 0.174074
0 35 0.067448 0.893056 0.057813 0.212037
0 36 0.118750 0.907407 0.055208 0.187037
0 37 0.064062 0.956019 0.054167 0.087963
0 38 0.263281 0.812963 0.048438 0.203704
0 39 0.403906 0.825926 0.056771 0.231481
0 40 0.728646 0.759259 0.040625 0.209259
0 41 0.914844 0.754630 0.043229 0.209259
0 42 0.813542 0.751852 0.056250 0.212963
0 43 0.812500 0.746296 0.043750 0.196296
0 44 0.850521 0.741204 0.047917 0.173148
0 45 0.942708 0.780093 0.042708 0.132407
0 52 0.512240 0.503241 0.033854 0.106481
0 53 0.486979 0.496759 0.032292 0.123148
0 54 0.413021 0.494444 0.030208 0.125926
0 55 0.827083 0.561111 0.031250 0.140741
0 56 0.437760 0.487963 0.024479 0.090741
0 57 0.422396 0.476852 0.026042 0.101852
0 58 0.378646 0.467130 0.029167 0.100926
0 71 0.425000 0.483796 0.025000 0.112037
0 73 0.745313 0.436111 0.018750 0.074074
0 74 0.753906 0.435185 0.027604 0.085185
