0 1 0.277083 0.636111 0.046875 0.190741
0 2 0.336458 0.640741 0.043750 0.190741
0 3 0.401823 0.652778 0.035937 0.177778
0 7 0.531771 0.618981 0.035417 0.182407
0 8 0.560417 0.614352 0.032292 0.176852
0 9 0.769271 0.505093 0.023958 0.093519
0 10 0.609375 0.627315 0.038542 0.169444
0 12 0.719531 0.905093 0.060937 0.191667
0 13 0.658594 0.900926 0.069271 0.200000
0 15 0.466406 0.580556 0.023438 0.112963
0 16 0.492969 0.571296 0.032813 0.155556
0 17 0.471354 0.619907 0.030208 0.154630
0 18 0.616406 0.600000 0.033854 0.146296
0 19 0.530208 0.568519 0.026042 0.135185
0 20 0.575000 0.576389 0.035417 0.162037
0 21 0.639844 0.599537 0.031771 0.149074
0 22 0.878646 0.717130 0.069792 0.217593
0 23 0.880729 0.708333 0.044792 0.198148
0 24 0.905990 0.711574 0.050521 0.195370
0 25 0.781510 0.694444 0.044271 0.187037
0 26 0.816146 0.689815 0.061458 0.192593
0 27 0.828125 0.679167 0.033333 0.187963
0 31 0.586198 0.894444 0.061979 0.209259
0 32 0.868229 0.680556 0.041667 0.179630
0 35 0.142448 0.851852 0.056771 0.242593
0 36 0.197917 0.868056 0.054167 0.237963
0 37 0.140885 0.912037 0.054688 0.177778
0 38 0.128125 0.806019 0.048958 0.204630
0 39 0.172656 0.825926 0.068229 0.220370
0 40 0.596615 0.709722 0.040104 0.187963
0 41 0.760938 0.723148 0.048958 0.203704
0 42 0.665625 0.721296 0.044792 0.205556
0 43 0.671615 0.718981 0.038021 0.178704
0 44 0.706510 0.715278 0.041146 0.171296
0 45 0.790885 0.755556 0.040104 0.129630
0 46 0.844792 0.762500 0.048958 0.169444
0 50 0.851042 0.737037 0.051042 0.198148
0 52 0.557031 0.518981 0.027604 0.106481
0 53 0.526563 0.512500 0.035417 0.126852
0 54 0.433594 0.513889 0.029687 0.135185
0 55 0.724479 0.582870 0.040625 0.160185
0 56 0.501823 0.499074 0.023438 0.098148
0 57 0.474479 0.485185 0.030208 0.107407
0 58 0.445312 0.482407 0.029167 0.112963
0 59 0.419271 0.481019 0.030208 0.104630
0 60 0.403906 0.481019 0.025521 0.112037
0 61 0.423698 0.468981 0.023438 0.110185
0 62 0.391146 0.462963 0.022917 0.112963
0 71 0.486979 0.485648 0.025000 0.104630
0 73 0.749219 0.430556 0.019271 0.074074
0 74 0.752604 0.430093 0.027083 0.082407
