0 1 0.287240 0.673148 0.052604 0.198148
0 2 0.343229 0.676852 0.044792 0.207407
0 3 0.425521 0.668981 0.036458 0.182407
0 5 0.202083 0.945370 0.072917 0.111111
0 6 0.297135 0.950000 0.069271 0.101852
0 7 0.530729 0.616667 0.039583 0.179630
0 8 0.557552 0.615741 0.033854 0.172222
0 9 0.794010 0.515741 0.024479 0.092593
0 10 0.622656 0.639815 0.036979 0.177778
0 12 0.734896 0.863889 0.052083 0.253704
0 13 0.677083 0.860185 0.057292 0.248148
0 15 0.460156 0.562963 0.023438 0.112963
0 16 0.491146 0.547222 0.030208 0.146296
0 17 0.453125 0.596759 0.030208 0.143519
0 18 0.544531 0.577778 0.033854 0.146296
0 19 0.514062 0.551852 0.026042 0.135185
0 20 0.534896 0.549537 0.030208 0.143519
0 21 0.576042 0.575926 0.032292 0.142593
0 22 0.703906 0.703704 0.045312 0.205556
0 23 0.724219 0.693519 0.042188 0.190741
0 24 0.745573 0.689352 0.042188 0.178704
0 25 0.632552 0.670370 0.051562 0.175926
0 26 0.771615 0.653241 0.040104 0.169444
0 27 0.784375 0.647222 0.031250 0.164815
0 28 0.811458 0.715741 0.052083 0.185185
0 29 0.841146 0.727315 0.037500 0.139815
0 30 0.949219 0.713426 0.059896 0.199074
0 31 0.605729 0.858333 0.056250 0.262963
0 32 0.817448 0.645833 0.040104 0.171296
0 33 0.902604 0.699074 0.045833 0.196296
0 35 0.080990 0.886111 0.058854 0.225926
0 36 0.137500 0.900926 0.055208 0.200000
0 37 0.076823 0.946759 0.054688 0.106481
0 38 0.233333 0.811574 0.043750 0.204630
0 39 0.353906 0.825000 0.056771 0.225926
0 40 0.698177 0.743056 0.040104 0.204630
0 41 0.877344 0.746759 0.048438 0.206481
0 42 0.785677 0.741204 0.047396 0.212037
0 43 0.784635 0.737037 0.040104 0.196296
0 44 0.820833 0.738426 0.045833 0.173148
0 45 0.911458 0.775463 0.042708 0.132407
0 52 0.522917 0.501389 0.031250 0.106481
0 53 0.496875 0.493981 0.032292 0.123148
0 54 0.417969 0.496296 0.029687 0.125926
0 55 0.813281 0.567593 0.030729 0.140741
0 56 0.453646 0.487963 0.023958 0.090741
0 57 0.436979 0.476852 0.026042 0.101852
0 58 0.391667 0.469907 0.029167 0.112037
0 71 0.439063 0.478241 0.025000 0.112037
0 73 0.747396 0.432407 0.018750 0.074074
0 74 0.756250 0.428241 0.027083 0.082407
