0 1 0.279167 0.637963 0.046875 0.190741
0 2 0.338021 0.642593 0.043750 0.192593
0 3 0.405208 0.653704 0.037500 0.175926
0 7 0.531771 0.617593 0.035417 0.181481
0 8 0.560156 0.614352 0.032813 0.176852
0 9 0.772396 0.504167 0.023958 0.093519
0 10 0.611979 0.626852 0.038542 0.168519
0 12 0.719792 0.901389 0.060417 0.197222
0 13 0.662500 0.898148 0.065625 0.205556
0 15 0.466406 0.579630 0.023438 0.112963
0 16 0.493490 0.569444 0.032813 0.153704
0 17 0.470313 0.617130 0.030208 0.154630
0 18 0.611198 0.599537 0.033854 0.145370
0 19 0.529427 0.567593 0.025521 0.135185
0 20 0.571875 0.574074 0.035417 0.161111
0 21 0.635156 0.597685 0.031771 0.149074
0 22 0.869792 0.715278 0.068750 0.213889
0 23 0.872135 0.707407 0.042188 0.198148
0 24 0.895573 0.708796 0.047396 0.195370
0 25 0.771354 0.694444 0.052083 0.187037
0 26 0.814323 0.686111 0.065104 0.188889
0 27 0.826042 0.675926 0.033333 0.187037
0 31 0.588542 0.891667 0.062500 0.214815
0 32 0.865104 0.678241 0.041667 0.178704
0 35 0.139323 0.854630 0.056771 0.244444
0 36 0.194792 0.870833 0.054167 0.239815
0 37 0.137760 0.913426 0.054688 0.175000
0 38 0.134375 0.806019 0.052083 0.204630
0 39 0.182812 0.827315 0.077083 0.221296
0 40 0.602865 0.711574 0.040104 0.187963
0 41 0.764062 0.725000 0.052083 0.203704
0 42 0.672135 0.722685 0.047396 0.204630
0 43 0.676302 0.718981 0.038021 0.178704
0 44 0.713802 0.717130 0.041146 0.171296
0 45 0.794792 0.756481 0.041667 0.129630
0 46 0.854427 0.762500 0.051562 0.165741
0 50 0.860156 0.737963 0.052604 0.198148
0 52 0.555990 0.517130 0.027604 0.106481
0 53 0.525260 0.510648 0.034896 0.126852
0 54 0.433073 0.512963 0.029687 0.135185
0 55 0.730729 0.582870 0.040625 0.160185
0 56 0.500781 0.498148 0.023438 0.098148
0 57 0.473438 0.485185 0.030208 0.107407
0 58 0.442188 0.481481 0.029167 0.112963
0 59 0.417187 0.480556 0.030208 0.105556
0 60 0.403125 0.480093 0.025000 0.112037
0 61 0.420573 0.468056 0.023438 0.110185
0 71 0.485938 0.484722 0.025000 0.104630
0 73 0.749219 0.430556 0.019271 0.074074
0 74 0.752604 0.430093 0.027083 0.082407
