0 1 0.285938 0.654630 0.050000 0.192593
0 2 0.343750 0.655093 0.043750 0.199074
0 3 0.431510 0.656944 0.047396 0.167593
0 5 0.176302 0.968056 0.055729 0.063889
0 7 0.531510 0.609259 0.035937 0.179630
0 8 0.562500 0.611111 0.034375 0.175926
0 9 0.788542 0.507870 0.023958 0.093519
0 10 0.620833 0.631019 0.037500 0.171296
0 12 0.726042 0.880556 0.055208 0.237037
0 13 0.676042 0.882407 0.063542 0.237037
0 15 0.463802 0.570370 0.023438 0.112963
0 16 0.493750 0.555093 0.032292 0.147222
0 17 0.460417 0.602315 0.030208 0.145370
0 18 0.572917 0.585185 0.036458 0.142593
0 19 0.523438 0.556481 0.026042 0.135185
0 20 0.545052 0.558796 0.032813 0.145370
0 21 0.599479 0.584259 0.031250 0.148148
0 22 0.792188 0.706481 0.052083 0.205556
0 23 0.794792 0.698611 0.040625 0.193519
0 24 0.820833 0.696759 0.042708 0.184259
0 25 0.704427 0.675926 0.034896 0.185185
0 26 0.789583 0.663889 0.042708 0.175926
0 27 0.813542 0.659722 0.032292 0.167593
0 28 0.888281 0.724537 0.058854 0.187963
0 29 0.911458 0.737037 0.037500 0.146296
0 31 0.598958 0.876852 0.057292 0.246296
0 32 0.841146 0.655093 0.041667 0.173148
0 33 0.979688 0.701852 0.039583 0.196296
0 35 0.111198 0.873611 0.064062 0.245370
0 36 0.171354 0.887500 0.055208 0.226852
0 37 0.107031 0.929167 0.054688 0.143519
0 38 0.190885 0.803241 0.046354 0.204630
0 39 0.271875 0.826389 0.056250 0.223148
0 40 0.646615 0.719907 0.040104 0.193519
0 41 0.818490 0.737963 0.061979 0.205556
0 42 0.727344 0.732407 0.043229 0.212963
0 43 0.728646 0.731481 0.036458 0.185185
0 44 0.766146 0.730093 0.044792 0.176852
0 45 0.845833 0.766204 0.042708 0.132407
0 46 0.934896 0.767593 0.047917 0.168519
0 50 0.944792 0.746296 0.047917 0.201852
0 52 0.543229 0.506019 0.028125 0.106481
0 53 0.511458 0.501389 0.031250 0.126852
0 54 0.428906 0.500926 0.029687 0.125926
0 55 0.775260 0.573148 0.031771 0.140741
0 56 0.480729 0.487963 0.022917 0.090741
0 57 0.458073 0.485185 0.025521 0.101852
0 58 0.417187 0.475926 0.029167 0.112963
0 59 0.394792 0.473611 0.028125 0.112037
0 60 0.382812 0.471296 0.021875 0.107407
0 71 0.471615 0.473611 0.025521 0.104630
0 73 0.748958 0.427778 0.018750 0.074074
0 74 0.754687 0.429167 0.027083 0.082407
