0 1 0.270573 0.631944 0.046354 0.184259
0 2 0.330208 0.634259 0.042708 0.188889
0 3 0.381510 0.647222 0.044271 0.172222
0 7 0.532813 0.622222 0.035417 0.183333
0 8 0.559896 0.617593 0.031250 0.175926
0 9 0.757812 0.510648 0.023958 0.095370
0 10 0.603906 0.631019 0.038021 0.173148
0 12 0.713542 0.913426 0.057292 0.175000
0 13 0.646354 0.907870 0.071875 0.182407
0 15 0.466406 0.585185 0.023438 0.112963
0 16 0.490365 0.578241 0.033854 0.158333
0 17 0.474479 0.627778 0.030208 0.159259
0 18 0.634896 0.605556 0.034375 0.146296
0 19 0.536198 0.578704 0.025521 0.135185
0 20 0.584115 0.585648 0.033854 0.162037
0 21 0.658073 0.602315 0.031771 0.149074
0 22 0.914062 0.724074 0.058333 0.218519
0 23 0.910937 0.718056 0.056250 0.197222
0 24 0.938542 0.719444 0.060417 0.192593
0 25 0.805990 0.706481 0.048438 0.187037
0 26 0.823438 0.696296 0.054167 0.187037
0 27 0.838021 0.691204 0.034375 0.187963
0 31 0.575781 0.905556 0.060937 0.190741
0 32 0.873698 0.689815 0.042188 0.181481
0 35 0.154167 0.841667 0.056250 0.233333
0 36 0.209115 0.857870 0.054688 0.237963
0 37 0.151562 0.907407 0.055208 0.187037
0 38 0.110937 0.808333 0.043750 0.203704
0 39 0.134635 0.828241 0.070312 0.223148
0 40 0.574219 0.701389 0.043229 0.187963
0 41 0.747917 0.715278 0.045833 0.199074
0 42 0.642188 0.719444 0.056250 0.198148
0 43 0.654427 0.718056 0.038021 0.178704
0 44 0.679948 0.709722 0.043229 0.167593
0 45 0.777344 0.752315 0.033854 0.128704
0 46 0.808073 0.762963 0.050521 0.175926
0 50 0.820312 0.736111 0.046875 0.198148
0 52 0.560677 0.523611 0.027604 0.106481
0 53 0.529687 0.517130 0.035417 0.126852
0 54 0.435156 0.520370 0.029687 0.135185
0 55 0.702604 0.586111 0.040625 0.161111
0 56 0.507031 0.503704 0.023438 0.098148
0 57 0.479687 0.492593 0.030208 0.107407
0 58 0.446354 0.487037 0.029167 0.118519
0 59 0.422917 0.483796 0.030208 0.104630
0 60 0.403906 0.483796 0.025521 0.112037
0 61 0.435417 0.470833 0.023958 0.110185
0 62 0.404167 0.465741 0.022917 0.112963
0 63 0.394271 0.462963 0.022917 0.124074
0 71 0.488542 0.487500 0.025000 0.104630
0 73 0.749740 0.432407 0.019271 0.074074
0 74 0.751563 0.430093 0.027083 0.082407
