0 1 0.282292 0.649074 0.048958 0.190741
0 2 0.342187 0.647685 0.043750 0.199074
0 3 0.418229 0.653241 0.033333 0.173148
0 7 0.531771 0.614352 0.035417 0.180556
0 8 0.562500 0.613889 0.033333 0.174074
0 9 0.779687 0.505093 0.023958 0.093519
0 10 0.617188 0.627315 0.038542 0.167593
0 12 0.720573 0.890741 0.055729 0.216667
0 13 0.669792 0.891667 0.064583 0.218519
0 15 0.466406 0.576852 0.023438 0.112963
0 16 0.495052 0.563889 0.031771 0.151852
0 17 0.467187 0.611574 0.030208 0.154630
0 18 0.595573 0.596296 0.033854 0.144444
0 19 0.527083 0.562963 0.026042 0.135185
0 20 0.559896 0.568056 0.034375 0.150926
0 21 0.620833 0.593056 0.031250 0.149074
0 22 0.840365 0.712963 0.070312 0.209259
0 23 0.845052 0.702315 0.035937 0.199074
0 24 0.867708 0.700926 0.051042 0.190741
0 25 0.748177 0.687037 0.052604 0.187037
0 26 0.803906 0.679630 0.054688 0.188889
0 27 0.825260 0.666667 0.033854 0.174074
0 28 0.940885 0.733333 0.063021 0.187037
0 31 0.595052 0.885648 0.060937 0.226852
0 32 0.856771 0.670833 0.041667 0.173148
0 35 0.128646 0.861574 0.059375 0.245370
0 36 0.186719 0.879630 0.054688 0.242593
0 37 0.126823 0.918981 0.054688 0.163889
0 38 0.158073 0.808333 0.042188 0.203704
0 39 0.216667 0.825463 0.057292 0.226852
0 40 0.621354 0.712037 0.040625 0.190741
0 41 0.778906 0.729630 0.050521 0.203704
0 42 0.695052 0.725926 0.048438 0.205556
0 43 0.694792 0.724074 0.037500 0.181481
0 44 0.735156 0.722685 0.042188 0.173148
0 45 0.811979 0.762037 0.042708 0.131481
0 46 0.890625 0.765741 0.053125 0.168519
0 50 0.896875 0.746296 0.051042 0.198148
0 52 0.553125 0.513426 0.028125 0.106481
0 53 0.521615 0.506944 0.032813 0.126852
0 54 0.431510 0.508333 0.029687 0.133333
0 55 0.750000 0.584722 0.039583 0.160185
0 56 0.494792 0.490278 0.022917 0.091667
0 57 0.469271 0.485185 0.030208 0.107407
0 58 0.433594 0.478704 0.029687 0.112963
0 59 0.408854 0.480093 0.030208 0.112037
0 60 0.398958 0.475926 0.021875 0.107407
0 61 0.406771 0.465278 0.023958 0.110185
0 71 0.481250 0.480093 0.025000 0.104630
0 73 0.748698 0.428704 0.019271 0.074074
0 74 0.753125 0.429167 0.027083 0.082407
