0 1 0.283854 0.684722 0.055208 0.200926
0 2 0.342969 0.688426 0.046354 0.210185
0 3 0.416927 0.681944 0.035937 0.184259
0 5 0.220573 0.934722 0.077604 0.132407
0 6 0.309115 0.940741 0.058854 0.120370
0 7 0.534896 0.622685 0.041667 0.180556
0 8 0.561198 0.622222 0.033854 0.177778
0 9 0.792708 0.521759 0.026042 0.093519
0 10 0.623437 0.646296 0.037500 0.179630
0 12 0.734115 0.849537 0.049479 0.247222
0 13 0.683073 0.844444 0.055729 0.248148
0 15 0.458073 0.561111 0.023438 0.112963
0 16 0.488021 0.544444 0.031250 0.146296
0 17 0.447135 0.591667 0.029687 0.142593
0 18 0.534375 0.575463 0.032292 0.145370
0 19 0.512240 0.548148 0.025521 0.135185
0 20 0.534635 0.548611 0.028646 0.141667
0 21 0.562760 0.571759 0.033854 0.137963
0 22 0.656510 0.699074 0.047396 0.198148
0 23 0.682552 0.690741 0.042188 0.190741
0 24 0.705208 0.689352 0.042708 0.173148
0 25 0.597917 0.666667 0.052083 0.175926
0 26 0.750521 0.649537 0.036458 0.171296
0 27 0.767448 0.643519 0.030729 0.157407
0 28 0.779167 0.712963 0.057292 0.185185
0 29 0.803646 0.724074 0.033333 0.140741
0 30 0.898438 0.715278 0.061458 0.199074
0 31 0.614323 0.846296 0.054688 0.261111
0 32 0.799740 0.644907 0.040104 0.171296
0 33 0.873958 0.695370 0.046875 0.198148
0 34 0.967708 0.725463 0.046875 0.175000
0 35 0.066406 0.893519 0.057813 0.211111
0 36 0.117188 0.908333 0.055208 0.185185
0 37 0.061979 0.956944 0.054167 0.086111
0 38 0.264323 0.812963 0.050521 0.203704
0 39 0.408073 0.825926 0.058854 0.229630
0 40 0.730990 0.759259 0.042188 0.209259
0 41 0.918229 0.754630 0.040625 0.209259
0 42 0.816146 0.751852 0.053125 0.212963
0 43 0.814583 0.747222 0.043750 0.196296
0 44 0.853385 0.742130 0.048438 0.173148
0 45 0.945312 0.780093 0.042708 0.132407
0 52 0.511719 0.503241 0.033854 0.106481
0 53 0.486458 0.496759 0.032292 0.123148
0 54 0.412500 0.494444 0.030208 0.125926
0 55 0.827604 0.561111 0.031250 0.140741
0 56 0.436979 0.487963 0.025000 0.090741
0 57 0.421094 0.476852 0.025521 0.101852
0 71 0.423958 0.483796 0.025000 0.112037
0 73 0.744792 0.436111 0.018750 0.074074
0 74 0.753906 0.436111 0.027604 0.085185
