0 1 0.274479 0.634722 0.046875 0.189815
0 2 0.333073 0.637037 0.043229 0.187037
0 3 0.391146 0.652315 0.035417 0.178704
0 7 0.531771 0.621759 0.035417 0.182407
0 8 0.560677 0.614815 0.031771 0.175926
0 9 0.763021 0.508333 0.023958 0.094444
0 10 0.605208 0.628704 0.038542 0.170370
0 12 0.716406 0.909722 0.058854 0.182407
0 13 0.651823 0.905093 0.073438 0.189815
0 15 0.466406 0.583333 0.023438 0.112963
0 16 0.491406 0.575000 0.033854 0.157407
0 17 0.472917 0.624074 0.030208 0.157407
0 18 0.626823 0.602778 0.033854 0.146296
0 19 0.533073 0.574074 0.025521 0.135185
0 20 0.579948 0.581019 0.034896 0.162037
0 21 0.649740 0.601389 0.031771 0.149074
0 22 0.896615 0.720370 0.061979 0.218519
0 23 0.898698 0.711574 0.049479 0.197222
0 24 0.924740 0.715741 0.055729 0.194444
0 25 0.789062 0.701389 0.046875 0.189815
0 26 0.820052 0.697222 0.053646 0.198148
0 27 0.833333 0.685648 0.034375 0.187963
0 31 0.581250 0.900463 0.061458 0.199074
0 32 0.871875 0.685185 0.041667 0.181481
0 35 0.148698 0.846296 0.056771 0.237037
0 36 0.204167 0.862500 0.054167 0.237963
0 37 0.146615 0.909722 0.054688 0.182407
0 38 0.116146 0.807407 0.044792 0.203704
0 39 0.150781 0.825463 0.064062 0.221296
0 40 0.584375 0.705093 0.041667 0.187963
0 41 0.753646 0.718981 0.045833 0.200926
0 42 0.652604 0.719444 0.048958 0.201852
0 43 0.661719 0.718981 0.038021 0.178704
0 44 0.692448 0.711574 0.040104 0.171296
0 45 0.783594 0.754167 0.035937 0.128704
0 46 0.825521 0.762963 0.042708 0.175926
0 50 0.833333 0.736574 0.047917 0.199074
0 52 0.559115 0.521759 0.027604 0.106481
0 53 0.528906 0.515278 0.035937 0.126852
0 54 0.434375 0.517593 0.030208 0.135185
0 55 0.712500 0.584722 0.040625 0.160185
0 56 0.504427 0.500926 0.023438 0.098148
0 57 0.477604 0.488889 0.030208 0.107407
0 58 0.445833 0.484722 0.029167 0.115741
0 59 0.421354 0.482870 0.030208 0.104630
0 60 0.403906 0.481944 0.025521 0.112037
0 61 0.430208 0.469907 0.023958 0.110185
0 62 0.397917 0.464815 0.022917 0.112963
0 71 0.488021 0.486574 0.025000 0.104630
0 73 0.749740 0.431481 0.019271 0.074074
0 74 0.752083 0.430093 0.027083 0.082407
