0 1 0.251823 0.619444 0.046354 0.179630
0 2 0.310937 0.619907 0.039583 0.182407
0 3 0.336458 0.643981 0.041667 0.167593
0 7 0.538281 0.625463 0.034896 0.187963
0 8 0.571354 0.627778 0.033333 0.179630
0 9 0.738542 0.516667 0.023958 0.096296
0 10 0.607552 0.636574 0.034896 0.178704
0 12 0.696875 0.937037 0.063542 0.127778
0 13 0.625781 0.934722 0.070312 0.130556
0 15 0.460938 0.611574 0.026042 0.117593
0 16 0.493490 0.591204 0.033854 0.160185
0 17 0.488021 0.643981 0.036458 0.162037
0 18 0.685937 0.617593 0.034375 0.146296
0 19 0.573177 0.597685 0.027604 0.137963
0 20 0.621875 0.604630 0.042708 0.162963
0 21 0.715104 0.615278 0.031250 0.149074
0 25 0.860417 0.731481 0.040625 0.205556
0 26 0.888802 0.720833 0.053646 0.195370
0 27 0.868750 0.710648 0.034375 0.187963
0 31 0.551302 0.930556 0.060937 0.140741
0 32 0.908333 0.716204 0.042708 0.187963
0 35 0.182812 0.824074 0.054167 0.242593
0 36 0.229948 0.831944 0.050521 0.223148
0 37 0.184896 0.893519 0.062500 0.214815
0 38 0.102083 0.807870 0.037500 0.210185
0 39 0.109115 0.830093 0.043229 0.237963
0 40 0.526042 0.684722 0.041667 0.187963
0 41 0.748958 0.698611 0.042708 0.189815
0 42 0.612760 0.717593 0.041146 0.201852
0 43 0.632812 0.721296 0.036458 0.179630
0 44 0.616146 0.696759 0.036458 0.162037
0 45 0.777083 0.741204 0.034375 0.128704
0 46 0.739583 0.749074 0.040625 0.170370
0 47 0.973958 0.771296 0.045833 0.222222
0 50 0.767708 0.730556 0.040625 0.196296
0 52 0.572135 0.542130 0.029687 0.112037
0 53 0.543750 0.535648 0.037500 0.126852
0 54 0.444271 0.537037 0.030208 0.135185
0 55 0.649479 0.593519 0.040625 0.162963
0 56 0.521615 0.515278 0.020313 0.100926
0 57 0.493229 0.505556 0.030208 0.107407
0 58 0.460417 0.500463 0.029167 0.121296
0 59 0.426563 0.497222 0.030208 0.112963
0 60 0.406250 0.498148 0.026042 0.112963
0 61 0.469010 0.479630 0.025521 0.109259
0 62 0.440885 0.475000 0.023438 0.112963
0 63 0.427604 0.472685 0.021875 0.123148
0 64 0.411719 0.478241 0.023438 0.113889
0 71 0.501563 0.496759 0.025000 0.104630
0 73 0.751042 0.436111 0.019792 0.074074
0 74 0.755729 0.431944 0.027083 0.082407
