0 7 0.579688 0.661574 0.033333 0.195370
0 8 0.606771 0.670370 0.037500 0.188889
0 9 0.744792 0.518519 0.023958 0.096296
0 10 0.614583 0.646296 0.032292 0.174074
0 15 0.509375 0.671759 0.027083 0.152778
0 16 0.549479 0.655093 0.035417 0.178704
0 17 0.673438 0.697685 0.038542 0.167593
0 18 0.848958 0.677315 0.038542 0.163889
0 19 0.818229 0.656019 0.030208 0.150926
0 20 0.830729 0.648611 0.039583 0.167593
0 21 0.879687 0.679167 0.037500 0.175000
0 35 0.273177 0.751389 0.045312 0.210185
0 36 0.311719 0.762500 0.042188 0.204630
0 37 0.306510 0.802778 0.052604 0.203704
0 38 0.194792 0.772222 0.043750 0.194444
0 39 0.132031 0.911574 0.061979 0.176852
0 40 0.450781 0.631944 0.033854 0.163889
0 41 0.772396 0.661111 0.034375 0.185185
0 42 0.632031 0.726389 0.040104 0.204630
0 43 0.669792 0.736574 0.043750 0.184259
0 44 0.438281 0.653241 0.040104 0.150926
0 45 0.791406 0.693981 0.029687 0.117593
0 46 0.784115 0.687500 0.035937 0.150926
0 47 0.820312 0.715278 0.045833 0.200926
0 48 0.844531 0.715741 0.045312 0.201852
0 49 0.877604 0.748611 0.056250 0.210185
0 50 0.805208 0.680093 0.037500 0.178704
0 51 0.926302 0.750463 0.041146 0.189815
0 52 0.635156 0.591204 0.031771 0.132407
0 53 0.610938 0.585185 0.038542 0.146296
0 54 0.467708 0.593981 0.034375 0.160185
0 55 0.491146 0.578241 0.044792 0.156481
0 56 0.576562 0.551852 0.026042 0.103704
0 57 0.542708 0.550463 0.030208 0.126852
0 58 0.515625 0.529167 0.032292 0.125000
0 59 0.460156 0.534259 0.031771 0.118519
0 60 0.416927 0.532870 0.025521 0.125000
0 61 0.554167 0.515278 0.028125 0.115741
0 62 0.526823 0.509259 0.023438 0.112963
0 63 0.507552 0.510185 0.025521 0.129630
0 64 0.487500 0.512500 0.026042 0.121296
0 65 0.430208 0.505093 0.028125 0.115741
0 66 0.518229 0.488889 0.027083 0.107407
0 67 0.449479 0.484259 0.023958 0.120370
0 68 0.422656 0.465278 0.020313 0.099074
0 71 0.541146 0.533333 0.021875 0.107407
0 72 0.494531 0.486111 0.025521 0.124074
0 73 0.771875 0.443519 0.019792 0.074074
0 74 0.781250 0.439352 0.027083 0.082407
