0 1 0.223438 0.608333 0.045833 0.179630
0 2 0.279427 0.612963 0.045312 0.174074
0 3 0.292187 0.634722 0.046875 0.173148
0 7 0.548958 0.639815 0.034375 0.187037
0 8 0.579427 0.636111 0.033854 0.175926
0 9 0.731250 0.520370 0.023958 0.096296
0 10 0.614844 0.639352 0.031771 0.178704
0 12 0.688021 0.968981 0.052083 0.063889
0 13 0.613281 0.966667 0.061979 0.068519
0 15 0.466146 0.632407 0.027083 0.137037
0 16 0.498177 0.614815 0.035937 0.162963
0 17 0.541146 0.661111 0.037500 0.161111
0 18 0.742188 0.635185 0.034375 0.146296
0 19 0.644531 0.617593 0.029687 0.142593
0 20 0.685156 0.614815 0.042188 0.162963
0 21 0.777604 0.632870 0.031250 0.149074
0 25 0.942708 0.746759 0.058333 0.204630
0 27 0.935156 0.731019 0.040104 0.187963
0 31 0.516146 0.957407 0.061458 0.087037
0 35 0.213021 0.801389 0.048958 0.237963
0 36 0.261979 0.808796 0.047917 0.219444
0 37 0.234635 0.871296 0.057813 0.231481
0 38 0.108073 0.811574 0.038021 0.210185
0 39 0.124219 0.860648 0.048438 0.243519
0 40 0.482812 0.667130 0.037500 0.176852
0 41 0.771875 0.676389 0.039583 0.178704
0 42 0.607552 0.719444 0.040104 0.203704
0 43 0.637760 0.725926 0.032813 0.179630
0 44 0.547656 0.687037 0.044271 0.159259
0 45 0.792708 0.719444 0.034375 0.118519
0 46 0.740625 0.725463 0.040625 0.154630
0 47 0.882812 0.757407 0.062500 0.218519
0 48 0.905208 0.751389 0.056250 0.210185
0 50 0.773698 0.712963 0.040104 0.187037
0 52 0.592187 0.567130 0.029167 0.132407
0 53 0.564583 0.553241 0.033333 0.139815
0 54 0.454948 0.556019 0.033854 0.143519
0 55 0.584115 0.587963 0.044271 0.157407
0 56 0.536198 0.524074 0.021354 0.103704
0 57 0.513542 0.517593 0.030208 0.107407
0 58 0.482292 0.509722 0.031250 0.121296
0 59 0.437500 0.511111 0.030208 0.112963
0 60 0.410938 0.510648 0.025000 0.115741
0 61 0.503906 0.490278 0.025521 0.110185
0 62 0.477604 0.487963 0.023958 0.112963
0 63 0.457813 0.485648 0.026042 0.123148
0 64 0.442188 0.489815 0.023958 0.114815
0 65 0.403646 0.479630 0.025000 0.109259
0 66 0.430990 0.470370 0.025521 0.107407
0 71 0.519271 0.515741 0.021875 0.107407
0 72 0.413281 0.471759 0.023438 0.123148
0 73 0.756250 0.439815 0.019792 0.074074
0 74 0.764583 0.434722 0.027083 0.082407
