0 2 0.264844 0.612963 0.042188 0.174074
0 3 0.267188 0.638426 0.050000 0.175000
0 7 0.559896 0.641204 0.034375 0.187963
0 8 0.588281 0.642130 0.033854 0.176852
0 9 0.734375 0.520370 0.023958 0.096296
0 10 0.619010 0.642593 0.031771 0.179630
0 15 0.467448 0.641204 0.027604 0.137963
0 16 0.502865 0.625926 0.036979 0.164815
0 17 0.572396 0.670833 0.039583 0.163889
0 18 0.767708 0.643519 0.034375 0.146296
0 19 0.677604 0.627315 0.029167 0.150926
0 20 0.717187 0.622685 0.041667 0.163889
0 21 0.806250 0.644907 0.034375 0.158333
0 27 0.970313 0.740278 0.042708 0.195370
0 35 0.231771 0.791204 0.047917 0.232407
0 36 0.271875 0.797685 0.048958 0.212037
0 37 0.253125 0.856481 0.056250 0.227778
0 38 0.118229 0.805556 0.039583 0.209259
0 39 0.134115 0.879167 0.055729 0.241667
0 40 0.472656 0.662963 0.029687 0.175926
0 41 0.773958 0.677315 0.040625 0.182407
0 42 0.613021 0.723148 0.039583 0.203704
0 43 0.651302 0.729630 0.036979 0.181481
0 44 0.521094 0.679630 0.039062 0.153704
0 45 0.800521 0.717593 0.034375 0.118519
0 46 0.757031 0.715278 0.040104 0.154630
0 47 0.854948 0.750463 0.048438 0.217593
0 48 0.888021 0.750463 0.044792 0.210185
0 50 0.788021 0.702315 0.040625 0.180556
0 52 0.603125 0.573611 0.030208 0.132407
0 53 0.573438 0.561574 0.036458 0.139815
0 54 0.457292 0.567593 0.033333 0.148148
0 55 0.557031 0.591667 0.044271 0.157407
0 56 0.541406 0.530093 0.023438 0.104630
0 57 0.520573 0.525463 0.029687 0.117593
0 58 0.494010 0.516667 0.032813 0.120370
0 59 0.444271 0.517593 0.032292 0.112963
0 60 0.414062 0.516204 0.025000 0.115741
0 61 0.517188 0.498611 0.027083 0.112037
0 62 0.490625 0.492593 0.023958 0.112963
0 63 0.472396 0.491204 0.026042 0.125000
0 64 0.451823 0.497685 0.025521 0.115741
0 65 0.416146 0.483333 0.027083 0.111111
0 66 0.452604 0.475926 0.026042 0.107407
0 71 0.526042 0.519444 0.021875 0.107407
0 72 0.435937 0.472685 0.025000 0.123148
0 73 0.759635 0.440741 0.019271 0.074074
0 74 0.768229 0.435648 0.027083 0.082407
