0 7 0.569271 0.647685 0.034375 0.187963
0 8 0.603125 0.652778 0.034375 0.181481
0 9 0.739844 0.520370 0.023438 0.096296
0 10 0.625000 0.645833 0.032292 0.178704
0 15 0.490885 0.655556 0.027604 0.138889
0 16 0.523438 0.640741 0.036458 0.172222
0 17 0.618750 0.686574 0.041667 0.165741
0 18 0.812500 0.664815 0.035417 0.162963
0 19 0.742448 0.640278 0.029687 0.150926
0 20 0.772656 0.638426 0.040104 0.165741
0 21 0.845833 0.663889 0.037500 0.168519
0 35 0.253906 0.774074 0.047396 0.222222
0 36 0.295312 0.783796 0.042708 0.204630
0 37 0.281510 0.831944 0.056771 0.221296
0 38 0.159896 0.800463 0.040625 0.210185
0 39 0.143490 0.893056 0.063021 0.215741
0 40 0.454427 0.654167 0.033854 0.167593
0 41 0.774479 0.671296 0.035417 0.185185
0 42 0.618229 0.724074 0.039583 0.203704
0 43 0.655729 0.737963 0.037500 0.185185
0 44 0.480469 0.670833 0.041146 0.156481
0 45 0.792448 0.709722 0.029687 0.117593
0 46 0.778906 0.699074 0.035937 0.153704
0 47 0.826562 0.735185 0.046875 0.212963
0 48 0.865104 0.735185 0.041667 0.201852
0 49 0.953646 0.770370 0.064583 0.212963
0 50 0.803646 0.693056 0.037500 0.178704
0 51 0.982292 0.771759 0.031250 0.197222
0 52 0.618229 0.586111 0.032292 0.131481
0 53 0.590625 0.576852 0.037500 0.146296
0 54 0.459896 0.581019 0.033333 0.149074
0 55 0.521875 0.591204 0.044792 0.156481
0 56 0.558073 0.544907 0.023438 0.104630
0 57 0.534896 0.544907 0.030208 0.126852
0 58 0.504948 0.526852 0.031771 0.120370
0 59 0.452344 0.530556 0.031771 0.118519
0 60 0.414583 0.525926 0.026042 0.120370
0 61 0.536198 0.511574 0.027604 0.115741
0 62 0.510938 0.502778 0.023958 0.112963
0 63 0.490625 0.502778 0.026042 0.129630
0 64 0.472396 0.506944 0.026042 0.119444
0 65 0.426563 0.494907 0.027083 0.117593
0 66 0.487760 0.481481 0.025521 0.107407
0 67 0.421354 0.466204 0.023958 0.093519
0 71 0.533333 0.526852 0.021875 0.107407
0 72 0.466927 0.484259 0.025521 0.124074
0 73 0.766146 0.442593 0.019792 0.074074
0 74 0.774479 0.437500 0.027083 0.082407
