0 7 0.571875 0.649537 0.034375 0.187963
0 8 0.606771 0.656944 0.034375 0.182407
0 9 0.741406 0.520370 0.023438 0.096296
0 10 0.625000 0.646296 0.032292 0.177778
0 15 0.496094 0.660648 0.027604 0.141667
0 16 0.529948 0.644907 0.035937 0.173148
0 17 0.637240 0.688426 0.042188 0.165741
0 18 0.821875 0.666204 0.038542 0.162037
0 19 0.763021 0.643981 0.030208 0.150926
0 20 0.789062 0.643056 0.039583 0.167593
0 21 0.855729 0.668519 0.037500 0.168519
0 35 0.260677 0.768056 0.046354 0.219444
0 36 0.299219 0.776852 0.042188 0.201852
0 37 0.288542 0.825463 0.056250 0.221296
0 38 0.171094 0.789352 0.041146 0.208333
0 39 0.144271 0.897685 0.062500 0.202778
0 40 0.452604 0.649537 0.034375 0.167593
0 41 0.776563 0.667593 0.034375 0.185185
0 42 0.619531 0.724537 0.040104 0.204630
0 43 0.655729 0.740741 0.037500 0.185185
0 44 0.470313 0.667130 0.042708 0.156481
0 45 0.792188 0.706019 0.030208 0.117593
0 46 0.782031 0.696296 0.035937 0.153704
0 47 0.822135 0.731481 0.046354 0.209259
0 48 0.861458 0.732407 0.041667 0.201852
0 49 0.928906 0.765278 0.056771 0.213889
0 50 0.805208 0.689352 0.037500 0.178704
0 51 0.966927 0.768519 0.055729 0.194444
0 52 0.622917 0.589815 0.032292 0.131481
0 53 0.594531 0.579630 0.038021 0.146296
0 54 0.461719 0.582870 0.033854 0.149074
0 55 0.515104 0.586574 0.044792 0.156481
0 56 0.563021 0.547222 0.025000 0.103704
0 57 0.538542 0.545833 0.030208 0.126852
0 58 0.508073 0.526852 0.031771 0.120370
0 59 0.455469 0.533333 0.031771 0.118519
0 60 0.415104 0.526852 0.026042 0.120370
0 61 0.539844 0.512500 0.027604 0.115741
0 62 0.515625 0.505556 0.023958 0.112963
0 63 0.496354 0.505556 0.026042 0.129630
0 64 0.477604 0.509259 0.026042 0.120370
0 65 0.427865 0.499537 0.027604 0.115741
0 66 0.497135 0.484259 0.025521 0.107407
0 67 0.430208 0.472222 0.023958 0.105556
0 71 0.535417 0.527778 0.021875 0.107407
0 72 0.475260 0.485185 0.025521 0.124074
0 73 0.768229 0.443519 0.019792 0.074074
0 74 0.776042 0.437500 0.027083 0.082407
