0 7 0.579167 0.661574 0.033333 0.195370
0 8 0.605729 0.671296 0.037500 0.188889
0 9 0.744792 0.518519 0.023958 0.096296
0 10 0.614062 0.646296 0.032292 0.174074
0 15 0.509896 0.672222 0.027083 0.153704
0 16 0.551042 0.655556 0.035417 0.179630
0 17 0.675781 0.698148 0.039062 0.168519
0 18 0.849740 0.677778 0.038021 0.164815
0 19 0.821354 0.656944 0.030208 0.150926
0 20 0.832812 0.648611 0.039583 0.167593
0 21 0.880729 0.679630 0.037500 0.175926
0 35 0.273698 0.750926 0.045312 0.209259
0 36 0.312240 0.762037 0.042188 0.203704
0 37 0.307031 0.801852 0.052604 0.203704
0 38 0.195312 0.771759 0.043750 0.193519
0 39 0.131250 0.912037 0.062500 0.175926
0 40 0.450260 0.631481 0.033854 0.162963
0 41 0.771875 0.660185 0.034375 0.185185
0 42 0.632552 0.726389 0.040104 0.204630
0 43 0.670573 0.736574 0.044271 0.184259
0 44 0.436198 0.652778 0.040104 0.150000
0 45 0.791406 0.693981 0.029687 0.117593
0 46 0.783854 0.686574 0.035417 0.150926
0 47 0.820833 0.714352 0.045833 0.200926
0 48 0.843750 0.714815 0.044792 0.201852
0 49 0.875260 0.747222 0.056771 0.209259
0 50 0.805469 0.679630 0.038021 0.179630
0 51 0.923958 0.749537 0.042708 0.189815
0 52 0.636198 0.592130 0.031771 0.132407
0 53 0.611458 0.585648 0.038542 0.147222
0 54 0.468229 0.594907 0.034375 0.160185
0 55 0.488542 0.577315 0.044792 0.156481
0 56 0.577344 0.552778 0.026562 0.103704
0 57 0.542969 0.550463 0.029687 0.126852
0 58 0.516146 0.529630 0.032292 0.125926
0 59 0.460156 0.534259 0.031771 0.118519
0 60 0.416927 0.533333 0.025521 0.125926
0 61 0.554167 0.515278 0.028125 0.115741
0 62 0.527865 0.510185 0.023438 0.112963
0 63 0.508073 0.510185 0.025521 0.129630
0 64 0.488021 0.512500 0.026042 0.121296
0 65 0.430208 0.505093 0.028125 0.115741
0 66 0.519271 0.488889 0.027083 0.107407
0 67 0.450260 0.484259 0.024479 0.120370
0 68 0.424219 0.465278 0.020313 0.099074
0 71 0.541146 0.533333 0.021875 0.107407
0 72 0.495573 0.486111 0.025521 0.124074
0 73 0.771875 0.443519 0.019792 0.074074
0 74 0.781250 0.439352 0.027083 0.082407
