0 7 0.579167 0.657870 0.033333 0.193519
0 8 0.607552 0.664352 0.035937 0.186111
0 9 0.743750 0.519444 0.023958 0.096296
0 10 0.618750 0.646296 0.032292 0.175926
0 15 0.504948 0.668056 0.027604 0.149074
0 16 0.541146 0.651389 0.035417 0.176852
0 17 0.661458 0.694444 0.039583 0.166667
0 18 0.840625 0.673148 0.038542 0.162963
0 19 0.798438 0.650463 0.030208 0.150926
0 20 0.818229 0.647685 0.039583 0.167593
0 21 0.872396 0.675926 0.037500 0.174074
0 35 0.269271 0.756481 0.045833 0.212963
0 36 0.308594 0.766667 0.042188 0.203704
0 37 0.301563 0.812037 0.053125 0.214815
0 38 0.190625 0.776852 0.043750 0.200000
0 39 0.136719 0.907870 0.059896 0.186111
0 40 0.452083 0.637037 0.034375 0.166667
0 41 0.774479 0.662963 0.034375 0.185185
0 42 0.627344 0.725463 0.040104 0.204630
0 43 0.665104 0.737963 0.041667 0.185185
0 44 0.448958 0.656944 0.040625 0.156481
0 45 0.791406 0.697685 0.029687 0.117593
0 46 0.784635 0.691204 0.035937 0.152778
0 47 0.817187 0.721296 0.045833 0.201852
0 48 0.848437 0.721759 0.045833 0.200926
0 49 0.895573 0.753704 0.051562 0.209259
0 50 0.804948 0.683333 0.038021 0.179630
0 51 0.944010 0.757870 0.048438 0.193519
0 52 0.630990 0.591204 0.031771 0.132407
0 53 0.604688 0.583333 0.038542 0.146296
0 54 0.465365 0.589815 0.033854 0.155556
0 55 0.498958 0.581019 0.044792 0.156481
0 56 0.572135 0.550000 0.025521 0.103704
0 57 0.540885 0.547685 0.029687 0.126852
0 58 0.513281 0.527315 0.031771 0.121296
0 59 0.458594 0.534259 0.031771 0.118519
0 60 0.416146 0.530093 0.026042 0.123148
0 61 0.548958 0.514352 0.028125 0.115741
0 62 0.523177 0.508333 0.023438 0.112963
0 63 0.504427 0.508333 0.025521 0.129630
0 64 0.484896 0.511574 0.026042 0.121296
0 65 0.429167 0.505093 0.028125 0.115741
0 66 0.512240 0.488889 0.026562 0.107407
0 67 0.444271 0.481481 0.023958 0.120370
0 71 0.539062 0.531481 0.021875 0.107407
0 72 0.488802 0.485185 0.025521 0.124074
0 73 0.770833 0.443519 0.019792 0.074074
0 74 0.779687 0.438426 0.027083 0.082407
