0 3 0.261979 0.637963 0.051042 0.174074
0 7 0.563021 0.642130 0.034375 0.187963
0 8 0.590885 0.643981 0.033854 0.178704
0 9 0.735417 0.520370 0.023958 0.096296
0 10 0.620052 0.643056 0.031771 0.178704
0 15 0.467448 0.643981 0.027604 0.137963
0 16 0.504948 0.629167 0.036979 0.165741
0 17 0.582292 0.674074 0.039583 0.164815
0 18 0.775781 0.647685 0.033854 0.149074
0 19 0.688021 0.629167 0.029167 0.150926
0 20 0.726823 0.625926 0.041146 0.164815
0 21 0.814063 0.649537 0.036458 0.163889
0 35 0.235417 0.788426 0.047917 0.230556
0 36 0.274479 0.793981 0.048958 0.204630
0 37 0.258854 0.852778 0.056250 0.225926
0 38 0.123958 0.806481 0.039583 0.209259
0 39 0.137760 0.880093 0.056771 0.239815
0 40 0.468490 0.661574 0.030729 0.173148
0 41 0.774219 0.677315 0.040104 0.184259
0 42 0.613542 0.723148 0.039583 0.203704
0 43 0.653906 0.731481 0.038021 0.183333
0 44 0.513802 0.679630 0.041146 0.153704
0 45 0.797396 0.717130 0.032292 0.117593
0 46 0.762240 0.713426 0.040104 0.154630
0 47 0.848698 0.747222 0.048438 0.216667
0 48 0.883594 0.749074 0.042188 0.209259
0 50 0.791406 0.700463 0.040104 0.178704
0 52 0.605729 0.576389 0.030208 0.132407
0 53 0.575781 0.563426 0.036979 0.139815
0 54 0.458333 0.570833 0.033333 0.149074
0 55 0.549479 0.593519 0.044792 0.157407
0 56 0.544010 0.532870 0.023438 0.104630
0 57 0.522656 0.530093 0.029687 0.123148
0 58 0.496615 0.519444 0.031771 0.120370
0 59 0.445312 0.520370 0.032292 0.114815
0 60 0.414062 0.518981 0.025000 0.115741
0 61 0.520312 0.502315 0.027083 0.113889
0 62 0.494271 0.493519 0.023958 0.112963
0 63 0.475260 0.493981 0.025521 0.126852
0 64 0.454948 0.498611 0.025521 0.115741
0 65 0.418229 0.486111 0.027083 0.114815
0 66 0.459375 0.476852 0.026042 0.107407
0 71 0.527344 0.520370 0.021354 0.107407
0 72 0.441927 0.475463 0.025521 0.123148
0 73 0.760677 0.440741 0.019271 0.074074
0 74 0.769271 0.435648 0.027083 0.082407
