0 1 0.221875 0.609259 0.045833 0.179630
0 2 0.277344 0.612963 0.045312 0.174074
0 3 0.288021 0.636574 0.046875 0.173148
0 7 0.550521 0.640278 0.034375 0.187963
0 8 0.580469 0.636574 0.033854 0.175000
0 9 0.731771 0.520370 0.023958 0.096296
0 10 0.615365 0.640278 0.031771 0.178704
0 12 0.687240 0.971296 0.047396 0.059259
0 13 0.612500 0.968519 0.061458 0.064815
0 15 0.466927 0.634259 0.027604 0.137037
0 16 0.498698 0.616204 0.035937 0.163889
0 17 0.545573 0.662500 0.038021 0.162037
0 18 0.745833 0.636111 0.034375 0.146296
0 19 0.648698 0.619444 0.029687 0.144444
0 20 0.689323 0.615741 0.042188 0.162963
0 21 0.781771 0.633796 0.031250 0.149074
0 25 0.948177 0.747685 0.057813 0.204630
0 27 0.941146 0.732407 0.040625 0.187037
0 31 0.515104 0.959722 0.061458 0.082407
0 35 0.215365 0.800463 0.048438 0.237963
0 36 0.263802 0.807407 0.048438 0.220370
0 37 0.238281 0.869444 0.056771 0.231481
0 38 0.109375 0.810185 0.038542 0.209259
0 39 0.124740 0.863426 0.048438 0.243519
0 40 0.481250 0.666204 0.036458 0.176852
0 41 0.773438 0.674537 0.039583 0.176852
0 42 0.607552 0.718519 0.040104 0.203704
0 43 0.638542 0.725926 0.033333 0.179630
0 44 0.543750 0.685648 0.042708 0.158333
0 45 0.793750 0.717593 0.034375 0.118519
0 46 0.743229 0.725463 0.040625 0.154630
0 47 0.878646 0.756481 0.060417 0.218519
0 48 0.900781 0.750463 0.056771 0.210185
0 50 0.775521 0.711574 0.040625 0.186111
0 52 0.593750 0.568056 0.029167 0.132407
0 53 0.565885 0.554167 0.033854 0.139815
0 54 0.455990 0.556944 0.033854 0.143519
0 55 0.579948 0.587963 0.044271 0.157407
0 56 0.536458 0.524074 0.021875 0.103704
0 57 0.514583 0.518519 0.030208 0.109259
0 58 0.484115 0.510648 0.031771 0.121296
0 59 0.438281 0.512037 0.030729 0.112963
0 60 0.411458 0.511574 0.025000 0.115741
0 61 0.505990 0.491204 0.025521 0.110185
0 62 0.479687 0.488889 0.023958 0.112963
0 63 0.459896 0.486574 0.026042 0.123148
0 64 0.443750 0.490741 0.023958 0.114815
0 65 0.405729 0.480556 0.025000 0.109259
0 66 0.434115 0.471296 0.025521 0.107407
0 71 0.520312 0.516667 0.021875 0.107407
0 72 0.416927 0.472685 0.023438 0.123148
0 73 0.756771 0.439815 0.019792 0.074074
0 74 0.765104 0.434722 0.027083 0.082407
