0 7 0.569271 0.647685 0.034375 0.187963
0 8 0.603646 0.653241 0.034375 0.182407
0 9 0.740104 0.520370 0.023958 0.096296
0 10 0.625000 0.645833 0.032292 0.178704
0 15 0.491667 0.656019 0.028125 0.139815
0 16 0.524479 0.641667 0.036458 0.172222
0 17 0.621354 0.686574 0.041667 0.165741
0 18 0.813802 0.664815 0.035937 0.162963
0 19 0.745573 0.641204 0.029687 0.150926
0 20 0.774740 0.638889 0.040104 0.166667
0 21 0.847396 0.664815 0.037500 0.168519
0 35 0.254948 0.773148 0.047396 0.222222
0 36 0.295833 0.782407 0.042708 0.203704
0 37 0.282292 0.831019 0.057292 0.221296
0 38 0.161458 0.798611 0.040625 0.210185
0 39 0.144010 0.893981 0.064062 0.213889
0 40 0.453906 0.654167 0.033854 0.167593
0 41 0.775000 0.670370 0.035417 0.185185
0 42 0.618490 0.724074 0.040104 0.203704
0 43 0.655729 0.737963 0.037500 0.185185
0 44 0.478906 0.669907 0.041146 0.156481
0 45 0.792188 0.708796 0.030208 0.117593
0 46 0.778906 0.698148 0.035937 0.153704
0 47 0.826042 0.735185 0.046875 0.212963
0 48 0.864583 0.735185 0.041667 0.201852
0 49 0.953125 0.769907 0.067708 0.212037
0 50 0.803906 0.693056 0.038021 0.178704
0 51 0.980729 0.771759 0.033333 0.199074
0 52 0.618750 0.587037 0.032292 0.131481
0 53 0.591146 0.577778 0.037500 0.146296
0 54 0.459896 0.581019 0.033333 0.149074
0 55 0.520833 0.590741 0.044792 0.157407
0 56 0.558594 0.545370 0.023438 0.103704
0 57 0.535417 0.544907 0.030208 0.126852
0 58 0.505469 0.526852 0.031771 0.120370
0 59 0.452865 0.530556 0.031771 0.118519
0 60 0.414583 0.525926 0.026042 0.120370
0 61 0.536719 0.511574 0.027604 0.115741
0 62 0.511458 0.503704 0.023958 0.112963
0 63 0.491667 0.502778 0.026042 0.129630
0 64 0.473438 0.507870 0.026042 0.119444
0 65 0.426563 0.495370 0.027083 0.116667
0 66 0.489323 0.482407 0.025521 0.107407
0 67 0.422396 0.467130 0.023958 0.095370
0 71 0.533594 0.526852 0.021354 0.107407
0 72 0.468490 0.485185 0.025521 0.124074
0 73 0.766406 0.442593 0.019271 0.074074
0 74 0.774479 0.437500 0.027083 0.082407
