0 7 0.568229 0.646759 0.034375 0.187963
0 8 0.601823 0.651852 0.033854 0.181481
0 9 0.739323 0.520370 0.023438 0.096296
0 10 0.625000 0.645833 0.032292 0.178704
0 15 0.489583 0.654167 0.028125 0.137963
0 16 0.521615 0.639352 0.035937 0.171296
0 17 0.614062 0.685648 0.041667 0.165741
0 18 0.809635 0.663889 0.034896 0.162963
0 19 0.736719 0.639352 0.029687 0.150926
0 20 0.767448 0.637037 0.040104 0.166667
0 21 0.843229 0.662963 0.037500 0.168519
0 35 0.251823 0.776389 0.047396 0.223148
0 36 0.294792 0.786111 0.042708 0.205556
0 37 0.279427 0.834722 0.056771 0.221296
0 38 0.154427 0.802315 0.040104 0.210185
0 39 0.142969 0.891667 0.060937 0.218519
0 40 0.455469 0.655093 0.033854 0.167593
0 41 0.773958 0.672222 0.035417 0.185185
0 42 0.617708 0.724074 0.039583 0.203704
0 43 0.655729 0.737037 0.037500 0.185185
0 44 0.483333 0.671759 0.040625 0.156481
0 45 0.792448 0.710648 0.029687 0.117593
0 46 0.777083 0.700000 0.036458 0.153704
0 47 0.827865 0.736111 0.047396 0.212963
0 48 0.866146 0.736111 0.041667 0.201852
0 49 0.955208 0.772222 0.059375 0.212963
0 50 0.802865 0.693981 0.038021 0.178704
0 51 0.985156 0.771759 0.026562 0.195370
0 52 0.616667 0.585185 0.032292 0.131481
0 53 0.589583 0.576852 0.037500 0.146296
0 54 0.459896 0.580093 0.033333 0.149074
0 55 0.523958 0.592593 0.044792 0.157407
0 56 0.556771 0.544907 0.022917 0.104630
0 57 0.533854 0.543981 0.030208 0.126852
0 58 0.503906 0.526852 0.031771 0.120370
0 59 0.451302 0.529630 0.031771 0.118519
0 60 0.414583 0.525463 0.026042 0.119444
0 61 0.534115 0.510648 0.027604 0.115741
0 62 0.509896 0.502778 0.023958 0.112963
0 63 0.489063 0.501852 0.026042 0.129630
0 64 0.470573 0.506481 0.025521 0.118519
0 65 0.425521 0.494444 0.027083 0.118519
0 66 0.485156 0.481481 0.025521 0.107407
0 67 0.418750 0.464352 0.023958 0.089815
0 71 0.532552 0.525926 0.021354 0.107407
0 72 0.464323 0.483333 0.025521 0.124074
0 73 0.765365 0.441667 0.019271 0.074074
0 74 0.773958 0.437500 0.027083 0.082407
