0 3 0.244792 0.630093 0.050000 0.165741
0 7 0.567187 0.645833 0.034375 0.187963
0 8 0.600000 0.650463 0.034375 0.180556
0 9 0.738802 0.520370 0.023438 0.096296
0 10 0.623958 0.645370 0.032292 0.179630
0 15 0.485156 0.652315 0.027604 0.137963
0 16 0.518750 0.637963 0.036458 0.170370
0 17 0.609115 0.683796 0.041146 0.165741
0 18 0.804948 0.662500 0.033854 0.162037
0 19 0.727865 0.637500 0.029687 0.150926
0 20 0.760417 0.635185 0.040625 0.166667
0 21 0.839063 0.661574 0.037500 0.167593
0 35 0.248958 0.779167 0.047917 0.225000
0 36 0.291146 0.785648 0.042708 0.204630
0 37 0.276823 0.838426 0.056771 0.221296
0 38 0.146354 0.806019 0.039583 0.210185
0 39 0.142187 0.889815 0.058333 0.222222
0 40 0.457031 0.656019 0.032813 0.167593
0 41 0.773177 0.673148 0.035937 0.185185
0 42 0.617188 0.724074 0.039583 0.203704
0 43 0.655729 0.736111 0.037500 0.185185
0 44 0.488281 0.673148 0.041146 0.155556
0 45 0.792708 0.712500 0.030208 0.117593
0 46 0.775000 0.702778 0.037500 0.153704
0 47 0.829948 0.736111 0.048438 0.212963
0 48 0.867708 0.737037 0.041667 0.201852
0 49 0.970313 0.771296 0.053125 0.212963
0 50 0.801823 0.695833 0.038021 0.178704
0 51 0.989583 0.772685 0.019792 0.191667
0 52 0.614583 0.584259 0.032292 0.131481
0 53 0.586979 0.574537 0.037500 0.145370
0 54 0.459896 0.578241 0.033333 0.149074
0 55 0.526563 0.594444 0.044792 0.157407
0 56 0.554167 0.542130 0.022917 0.104630
0 57 0.532292 0.543981 0.030208 0.126852
0 58 0.502865 0.525926 0.031771 0.120370
0 59 0.450260 0.527778 0.031771 0.118519
0 60 0.414323 0.524537 0.025521 0.117593
0 61 0.532031 0.509722 0.027604 0.115741
0 62 0.506771 0.500926 0.023958 0.112963
0 63 0.486458 0.500926 0.026042 0.129630
0 64 0.467708 0.505093 0.026042 0.117593
0 65 0.425000 0.493519 0.027083 0.120370
0 66 0.481250 0.480556 0.026042 0.107407
0 71 0.531510 0.525000 0.021354 0.107407
0 72 0.460677 0.482407 0.025521 0.124074
0 73 0.764583 0.441667 0.019792 0.074074
0 74 0.772917 0.436574 0.027083 0.082407
