0 7 0.568229 0.646759 0.034375 0.187963
0 8 0.601042 0.651389 0.034375 0.180556
0 9 0.739323 0.520370 0.023438 0.096296
0 10 0.625000 0.646296 0.032292 0.179630
0 15 0.488021 0.653241 0.028125 0.137963
0 16 0.520833 0.639352 0.036458 0.171296
0 17 0.612500 0.684722 0.041667 0.165741
0 18 0.808333 0.663889 0.034375 0.162963
0 19 0.733594 0.639352 0.029687 0.150926
0 20 0.765365 0.636574 0.040104 0.165741
0 21 0.841667 0.662500 0.037500 0.167593
0 35 0.251042 0.776852 0.047917 0.224074
0 36 0.293229 0.785648 0.042708 0.204630
0 37 0.278906 0.835648 0.056771 0.221296
0 38 0.151562 0.803241 0.039583 0.210185
0 39 0.142708 0.891204 0.060417 0.219444
0 40 0.456250 0.656019 0.033333 0.167593
0 41 0.773698 0.672222 0.035937 0.185185
0 42 0.617708 0.724074 0.039583 0.203704
0 43 0.655729 0.737037 0.037500 0.185185
0 44 0.484896 0.672685 0.040625 0.156481
0 45 0.792708 0.711574 0.030208 0.117593
0 46 0.776302 0.700926 0.036979 0.153704
0 47 0.828646 0.736111 0.047917 0.212963
0 48 0.866667 0.736111 0.041667 0.201852
0 49 0.959896 0.771296 0.057292 0.212963
0 50 0.802344 0.694907 0.038021 0.178704
0 51 0.986719 0.772222 0.024479 0.194444
0 52 0.616146 0.585185 0.032292 0.131481
0 53 0.589063 0.576852 0.037500 0.146296
0 54 0.459896 0.579167 0.033333 0.149074
0 55 0.524479 0.593519 0.044792 0.157407
0 56 0.555729 0.543981 0.022917 0.104630
0 57 0.533333 0.543981 0.030208 0.126852
0 58 0.503906 0.526852 0.031771 0.120370
0 59 0.450781 0.528704 0.031771 0.118519
0 60 0.414323 0.525000 0.025521 0.118519
0 61 0.533594 0.509722 0.027604 0.115741
0 62 0.508854 0.501852 0.023958 0.112963
0 63 0.488021 0.501852 0.026042 0.129630
0 64 0.469531 0.505556 0.025521 0.118519
0 65 0.425521 0.493981 0.027083 0.119444
0 66 0.483854 0.480556 0.026042 0.107407
0 67 0.417187 0.463426 0.023958 0.087963
0 71 0.532292 0.525926 0.021875 0.107407
0 72 0.463281 0.483333 0.025521 0.124074
0 73 0.765104 0.441667 0.019792 0.074074
0 74 0.773438 0.437500 0.027083 0.082407
