0 1 0.234375 0.609259 0.045833 0.179630
0 2 0.296615 0.615278 0.041146 0.176852
0 3 0.309635 0.639352 0.044271 0.173148
0 7 0.542188 0.633333 0.034375 0.187037
0 8 0.576562 0.633796 0.034375 0.180556
0 9 0.732812 0.520370 0.023958 0.096296
0 10 0.610677 0.636574 0.031771 0.178704
0 12 0.690104 0.956019 0.060417 0.087963
0 13 0.617708 0.950926 0.067708 0.100000
0 15 0.461979 0.621296 0.025000 0.137037
0 16 0.493490 0.604630 0.033854 0.161111
0 17 0.507292 0.656019 0.036458 0.162037
0 18 0.717187 0.626852 0.034375 0.146296
0 19 0.608073 0.608796 0.029687 0.137963
0 20 0.656250 0.610185 0.042708 0.162963
0 21 0.749479 0.625463 0.031250 0.149074
0 25 0.902604 0.737963 0.054167 0.198148
0 26 0.932813 0.735185 0.057292 0.196296
0 27 0.899219 0.720833 0.034896 0.187963
0 31 0.530729 0.946296 0.061458 0.109259
0 32 0.946615 0.724074 0.042188 0.188889
0 35 0.197396 0.807870 0.054167 0.237963
0 36 0.244010 0.821759 0.048438 0.226852
0 37 0.210417 0.886111 0.062500 0.229630
0 38 0.104688 0.808796 0.037500 0.210185
0 39 0.115104 0.838889 0.051042 0.238889
0 40 0.497396 0.675926 0.041667 0.181481
0 41 0.762500 0.690741 0.040625 0.190741
0 42 0.606250 0.721296 0.038542 0.203704
0 43 0.631510 0.723611 0.031771 0.178704
0 44 0.580208 0.692130 0.040625 0.160185
0 45 0.785937 0.731019 0.034375 0.123148
0 46 0.730469 0.737963 0.039062 0.157407
0 47 0.923438 0.768519 0.062500 0.222222
0 48 0.948438 0.762963 0.055208 0.209259
0 50 0.763021 0.721296 0.039583 0.187037
0 52 0.582292 0.557870 0.029167 0.125000
0 53 0.553906 0.545370 0.038021 0.138889
0 54 0.450781 0.547222 0.033854 0.138889
0 55 0.616146 0.595370 0.040625 0.162963
0 56 0.527865 0.524074 0.023438 0.103704
0 57 0.503646 0.511111 0.030208 0.107407
0 58 0.471354 0.506019 0.030208 0.121296
0 59 0.432552 0.504630 0.029687 0.112963
0 60 0.408333 0.504167 0.025000 0.113889
0 61 0.490885 0.485185 0.025521 0.109259
0 62 0.464062 0.483333 0.023958 0.112963
0 63 0.444792 0.479167 0.023958 0.123148
0 64 0.428125 0.487500 0.022917 0.115741
0 66 0.408594 0.466667 0.025521 0.107407
0 71 0.511979 0.506481 0.025000 0.107407
0 73 0.752604 0.438889 0.019792 0.074074
0 74 0.760417 0.433796 0.027083 0.082407
