0 3 0.260937 0.637963 0.051042 0.174074
0 7 0.563021 0.642130 0.034375 0.187963
0 8 0.591406 0.644444 0.033854 0.177778
0 9 0.735677 0.520370 0.023438 0.096296
0 10 0.620313 0.643519 0.032292 0.179630
0 15 0.467448 0.644907 0.027604 0.137963
0 16 0.505469 0.630093 0.036979 0.167593
0 17 0.584896 0.675000 0.039583 0.164815
0 18 0.777865 0.648148 0.033854 0.150000
0 19 0.690625 0.630093 0.029167 0.150926
0 20 0.729427 0.626389 0.041146 0.163889
0 21 0.816146 0.650926 0.036458 0.164815
0 35 0.236198 0.787500 0.048438 0.230556
0 36 0.275260 0.793056 0.048438 0.204630
0 37 0.260417 0.851389 0.056250 0.225000
0 38 0.125521 0.806481 0.039583 0.209259
0 39 0.138802 0.880093 0.056771 0.239815
0 40 0.467448 0.661111 0.030729 0.172222
0 41 0.773958 0.677315 0.039583 0.184259
0 42 0.614062 0.723148 0.039583 0.203704
0 43 0.654167 0.731481 0.037500 0.183333
0 44 0.511979 0.679630 0.041667 0.153704
0 45 0.796875 0.717130 0.032292 0.117593
0 46 0.763281 0.712500 0.040104 0.154630
0 47 0.847135 0.745833 0.048438 0.215741
0 48 0.882552 0.748148 0.042188 0.209259
0 50 0.792188 0.700000 0.039583 0.179630
0 52 0.606510 0.576852 0.030729 0.131481
0 53 0.576562 0.564352 0.037500 0.139815
0 54 0.458333 0.570833 0.033333 0.149074
0 55 0.547917 0.593519 0.044792 0.157407
0 56 0.544531 0.533796 0.023438 0.104630
0 57 0.523177 0.531019 0.029687 0.125000
0 58 0.497135 0.519444 0.031771 0.120370
0 59 0.445573 0.520833 0.031771 0.115741
0 60 0.414062 0.518981 0.025000 0.115741
0 61 0.521094 0.502778 0.027604 0.114815
0 62 0.495312 0.493519 0.023958 0.112963
0 63 0.476302 0.494907 0.025521 0.126852
0 64 0.455990 0.499537 0.025521 0.115741
0 65 0.418750 0.486574 0.027083 0.115741
0 66 0.460938 0.476852 0.026042 0.107407
0 71 0.527604 0.521296 0.021875 0.107407
0 72 0.442969 0.476389 0.025521 0.123148
0 73 0.761198 0.440741 0.019271 0.074074
0 74 0.769271 0.435648 0.027083 0.082407
