0 3 0.249479 0.631019 0.050000 0.165741
0 7 0.566667 0.644907 0.034375 0.187963
0 8 0.597917 0.649074 0.034375 0.179630
0 9 0.738021 0.520370 0.023958 0.096296
0 10 0.623437 0.645370 0.032292 0.179630
0 15 0.480990 0.650463 0.027604 0.137963
0 16 0.515625 0.636574 0.036458 0.169444
0 17 0.603646 0.681944 0.040625 0.165741
0 18 0.798698 0.659259 0.033854 0.159259
0 19 0.719010 0.636574 0.029687 0.150926
0 20 0.753125 0.632870 0.040625 0.165741
0 21 0.833854 0.658796 0.037500 0.167593
0 35 0.246094 0.781481 0.048438 0.225926
0 36 0.288021 0.785185 0.042708 0.203704
0 37 0.273958 0.841204 0.056250 0.221296
0 38 0.141667 0.806019 0.039583 0.210185
0 39 0.141667 0.887963 0.055208 0.225926
0 40 0.458594 0.657870 0.032813 0.167593
0 41 0.772656 0.675000 0.036979 0.185185
0 42 0.616667 0.723148 0.039583 0.203704
0 43 0.655729 0.735185 0.037500 0.185185
0 44 0.493750 0.675000 0.041667 0.155556
0 45 0.792969 0.714352 0.029687 0.117593
0 46 0.772656 0.705093 0.038021 0.154630
0 47 0.831771 0.737037 0.048958 0.212963
0 48 0.870313 0.739352 0.041667 0.202778
0 49 0.974219 0.773148 0.045312 0.209259
0 50 0.800781 0.697685 0.038021 0.178704
0 52 0.612500 0.582407 0.032292 0.131481
0 53 0.584896 0.572222 0.037500 0.144444
0 54 0.459896 0.577315 0.033333 0.149074
0 55 0.530208 0.595370 0.044792 0.157407
0 56 0.552083 0.540278 0.022917 0.104630
0 57 0.530208 0.541204 0.030208 0.126852
0 58 0.501563 0.524074 0.031250 0.120370
0 59 0.448698 0.526852 0.031771 0.118519
0 60 0.414062 0.524074 0.025000 0.116667
0 61 0.529427 0.507870 0.027604 0.115741
0 62 0.504167 0.499074 0.023958 0.112963
0 63 0.483854 0.500000 0.025000 0.129630
0 64 0.464844 0.503704 0.025521 0.116667
0 65 0.423958 0.492593 0.027083 0.122222
0 66 0.477083 0.479630 0.026042 0.107407
0 71 0.530990 0.525000 0.021354 0.107407
0 72 0.456771 0.481481 0.026042 0.124074
0 73 0.763802 0.441667 0.019271 0.074074
0 74 0.772396 0.436574 0.027083 0.082407
