0 7 0.567708 0.645833 0.034375 0.187963
0 8 0.600521 0.650926 0.034375 0.181481
0 9 0.738802 0.520370 0.023438 0.096296
0 10 0.624479 0.645370 0.032292 0.179630
0 15 0.486458 0.652315 0.028125 0.137963
0 16 0.519792 0.638426 0.036458 0.171296
0 17 0.610677 0.684722 0.041146 0.165741
0 18 0.807031 0.663889 0.033854 0.162963
0 19 0.730729 0.638426 0.029167 0.150926
0 20 0.762760 0.635648 0.040104 0.165741
0 21 0.840104 0.661574 0.037500 0.167593
0 35 0.250000 0.777778 0.047917 0.224074
0 36 0.292187 0.785648 0.042708 0.204630
0 37 0.277865 0.836574 0.056771 0.221296
0 38 0.148958 0.804167 0.039583 0.210185
0 39 0.142708 0.890741 0.059375 0.220370
0 40 0.456510 0.656019 0.032813 0.167593
0 41 0.773698 0.673148 0.035937 0.185185
0 42 0.617188 0.724074 0.039583 0.203704
0 43 0.655729 0.736111 0.037500 0.185185
0 44 0.486458 0.672685 0.040625 0.156481
0 45 0.792708 0.711574 0.030208 0.117593
0 46 0.775781 0.701852 0.036979 0.153704
0 47 0.829167 0.736111 0.047917 0.212963
0 48 0.867188 0.737037 0.041667 0.201852
0 49 0.965104 0.771296 0.055208 0.212963
0 50 0.802083 0.694907 0.037500 0.178704
0 51 0.988021 0.772222 0.021875 0.192593
0 52 0.615104 0.584259 0.032292 0.131481
0 53 0.588021 0.575463 0.037500 0.145370
0 54 0.459896 0.579167 0.033333 0.149074
0 55 0.525521 0.593981 0.044792 0.156481
0 56 0.555208 0.543056 0.022917 0.104630
0 57 0.532813 0.543981 0.030208 0.126852
0 58 0.503385 0.525926 0.031771 0.120370
0 59 0.450260 0.528704 0.031771 0.118519
0 60 0.414323 0.525000 0.025521 0.118519
0 61 0.532552 0.509722 0.027604 0.115741
0 62 0.507812 0.500926 0.023958 0.112963
0 63 0.487240 0.500926 0.025521 0.129630
0 64 0.468750 0.505556 0.026042 0.118519
0 65 0.425000 0.493981 0.027083 0.119444
0 66 0.482552 0.480556 0.025521 0.107407
0 67 0.416146 0.462963 0.023958 0.087037
0 71 0.532031 0.525926 0.021354 0.107407
0 72 0.461719 0.482870 0.025521 0.123148
0 73 0.764844 0.441667 0.019271 0.074074
0 74 0.773438 0.436574 0.027083 0.082407
