0 7 0.575260 0.653704 0.033854 0.190741
0 8 0.607031 0.658333 0.034896 0.183333
0 9 0.742708 0.519444 0.023958 0.096296
0 10 0.622917 0.646296 0.032292 0.175926
0 15 0.500781 0.664352 0.027604 0.145370
0 16 0.535417 0.647685 0.035417 0.175000
0 17 0.649740 0.691204 0.041146 0.165741
0 18 0.831250 0.669907 0.038542 0.162037
0 19 0.780729 0.646759 0.030208 0.150926
0 20 0.803646 0.645833 0.039583 0.167593
0 21 0.864062 0.671759 0.037500 0.171296
0 35 0.265104 0.762500 0.045833 0.215741
0 36 0.304427 0.771759 0.042188 0.202778
0 37 0.295833 0.819907 0.054167 0.221296
0 38 0.179688 0.781944 0.043750 0.200926
0 39 0.142969 0.899537 0.064062 0.202778
0 40 0.452604 0.643056 0.034375 0.167593
0 41 0.776823 0.664815 0.033854 0.185185
0 42 0.622656 0.725463 0.040104 0.204630
0 43 0.660417 0.738889 0.039583 0.185185
0 44 0.459896 0.662500 0.041667 0.156481
0 45 0.791667 0.701389 0.030208 0.117593
0 46 0.785156 0.694907 0.035937 0.154630
0 47 0.818490 0.726389 0.046354 0.204630
0 48 0.855208 0.727315 0.043750 0.200926
0 49 0.912760 0.760648 0.055729 0.213889
0 50 0.805208 0.686574 0.037500 0.178704
0 51 0.954688 0.761574 0.048958 0.193519
0 52 0.627083 0.590741 0.032292 0.131481
0 53 0.598437 0.581481 0.038542 0.146296
0 54 0.463281 0.585185 0.033854 0.150000
0 55 0.507292 0.583796 0.044792 0.156481
0 56 0.567448 0.548148 0.025521 0.103704
0 57 0.540625 0.546759 0.030208 0.126852
0 58 0.510677 0.526852 0.031771 0.120370
0 59 0.457031 0.534259 0.031771 0.118519
0 60 0.415625 0.528241 0.026042 0.121296
0 61 0.542969 0.513426 0.027604 0.115741
0 62 0.519271 0.507407 0.023958 0.112963
0 63 0.501042 0.507407 0.026042 0.129630
0 64 0.481771 0.510648 0.026042 0.121296
0 65 0.428125 0.504167 0.028125 0.115741
0 66 0.504687 0.486111 0.026042 0.107407
0 67 0.438021 0.477778 0.023958 0.116667
0 71 0.536979 0.529630 0.021875 0.107407
0 72 0.482552 0.485185 0.025521 0.124074
0 73 0.769792 0.443519 0.019792 0.074074
0 74 0.778125 0.438426 0.027083 0.082407
