0 7 0.568750 0.646759 0.034375 0.187963
0 8 0.602604 0.652315 0.034375 0.182407
0 9 0.739583 0.520370 0.023958 0.096296
0 10 0.625000 0.645833 0.032292 0.178704
0 15 0.490104 0.654630 0.028125 0.138889
0 16 0.522656 0.640278 0.035937 0.171296
0 17 0.616146 0.686574 0.041667 0.165741
0 18 0.810937 0.664352 0.035417 0.162037
0 19 0.739323 0.640278 0.029687 0.150926
0 20 0.770052 0.637963 0.040104 0.166667
0 21 0.844271 0.663426 0.037500 0.167593
0 35 0.252865 0.775463 0.047396 0.223148
0 36 0.294792 0.784722 0.042708 0.204630
0 37 0.280469 0.833796 0.056771 0.221296
0 38 0.157031 0.801389 0.040104 0.210185
0 39 0.143229 0.892593 0.062500 0.216667
0 40 0.454948 0.655093 0.033854 0.167593
0 41 0.774479 0.671296 0.035417 0.185185
0 42 0.617969 0.724074 0.040104 0.203704
0 43 0.655729 0.737963 0.037500 0.185185
0 44 0.481771 0.670833 0.040625 0.156481
0 45 0.792448 0.709722 0.029687 0.117593
0 46 0.777865 0.699074 0.035937 0.153704
0 47 0.827344 0.735185 0.047396 0.212963
0 48 0.865625 0.735185 0.041667 0.201852
0 49 0.954427 0.771296 0.061979 0.212963
0 50 0.803125 0.693981 0.037500 0.178704
0 51 0.983594 0.772222 0.028646 0.196296
0 52 0.617188 0.586111 0.032292 0.131481
0 53 0.590104 0.576852 0.037500 0.146296
0 54 0.459896 0.580093 0.033333 0.149074
0 55 0.522917 0.592130 0.044792 0.156481
0 56 0.557292 0.544907 0.022917 0.104630
0 57 0.534375 0.543981 0.030208 0.126852
0 58 0.504427 0.526852 0.031771 0.120370
0 59 0.451823 0.529630 0.031771 0.118519
0 60 0.414583 0.525463 0.026042 0.119444
0 61 0.535156 0.510648 0.027604 0.115741
0 62 0.510417 0.502778 0.023958 0.112963
0 63 0.490104 0.502778 0.026042 0.129630
0 64 0.471354 0.506944 0.026042 0.119444
0 65 0.426042 0.494907 0.027083 0.117593
0 66 0.486719 0.481481 0.025521 0.107407
0 67 0.419792 0.465278 0.023958 0.091667
0 71 0.532813 0.525926 0.021875 0.107407
0 72 0.465885 0.484259 0.025521 0.124074
0 73 0.765885 0.442593 0.019271 0.074074
0 74 0.773958 0.437500 0.027083 0.082407
