0 3 0.256250 0.632407 0.050000 0.166667
0 7 0.564583 0.643056 0.034375 0.187963
0 8 0.594792 0.646759 0.034375 0.178704
0 9 0.736719 0.520370 0.023438 0.096296
0 10 0.621875 0.644444 0.032292 0.179630
0 15 0.474219 0.647685 0.027604 0.137963
0 16 0.509635 0.633796 0.036979 0.169444
0 17 0.595052 0.679167 0.040104 0.165741
0 18 0.788281 0.654167 0.033854 0.154630
0 19 0.704167 0.633796 0.029167 0.150926
0 20 0.741146 0.629630 0.040625 0.164815
0 21 0.825000 0.655093 0.037500 0.167593
0 35 0.241146 0.784722 0.048958 0.228704
0 36 0.281510 0.788889 0.045312 0.203704
0 37 0.267188 0.846759 0.056250 0.223148
0 38 0.133854 0.806481 0.039583 0.209259
0 39 0.141406 0.882870 0.055729 0.234259
0 40 0.462760 0.659722 0.031771 0.169444
0 41 0.773438 0.675926 0.038542 0.185185
0 42 0.615104 0.723148 0.039583 0.203704
0 43 0.654948 0.733796 0.038021 0.184259
0 44 0.502865 0.677315 0.042188 0.154630
0 45 0.793490 0.717130 0.029687 0.117593
0 46 0.768750 0.709722 0.039583 0.154630
0 47 0.839063 0.741204 0.048958 0.213889
0 48 0.876563 0.743981 0.041667 0.206481
0 49 0.982031 0.779167 0.035937 0.197222
0 50 0.796354 0.698611 0.038542 0.178704
0 52 0.609375 0.579630 0.031250 0.131481
0 53 0.580729 0.568056 0.037500 0.141667
0 54 0.459375 0.574537 0.033333 0.149074
0 55 0.539062 0.594444 0.044792 0.157407
0 56 0.548177 0.536574 0.023438 0.104630
0 57 0.526302 0.536574 0.029687 0.126852
0 58 0.499479 0.522222 0.031250 0.120370
0 59 0.446875 0.524537 0.032292 0.117593
0 60 0.414062 0.521759 0.025000 0.115741
0 61 0.525260 0.506019 0.027604 0.115741
0 62 0.500000 0.495370 0.023958 0.112963
0 63 0.479687 0.498148 0.025000 0.129630
0 64 0.460156 0.501389 0.025521 0.115741
0 65 0.421354 0.489815 0.027083 0.120370
0 66 0.469792 0.477778 0.026042 0.107407
0 71 0.529167 0.523148 0.021875 0.107407
0 72 0.450521 0.480093 0.026042 0.123148
0 73 0.762240 0.440741 0.019271 0.074074
0 74 0.770833 0.436574 0.027083 0.082407
