0 1 0.224479 0.608333 0.045833 0.179630
0 2 0.280729 0.613426 0.045833 0.173148
0 3 0.294271 0.633796 0.046875 0.173148
0 7 0.547917 0.639815 0.034375 0.187037
0 8 0.579427 0.636111 0.033854 0.175926
0 9 0.730729 0.520370 0.023958 0.096296
0 10 0.614323 0.639352 0.031771 0.178704
0 12 0.688542 0.968056 0.054167 0.065741
0 13 0.614062 0.965741 0.062500 0.070370
0 15 0.465885 0.631481 0.026562 0.137037
0 16 0.497917 0.613889 0.035417 0.162963
0 17 0.539062 0.660648 0.037500 0.160185
0 18 0.740625 0.634259 0.034375 0.146296
0 19 0.642188 0.616667 0.030208 0.140741
0 20 0.683073 0.614815 0.042188 0.162963
0 21 0.775781 0.632870 0.031771 0.149074
0 25 0.940104 0.745833 0.058333 0.204630
0 27 0.932292 0.730556 0.039583 0.187037
0 31 0.517188 0.956481 0.061458 0.088889
0 35 0.211719 0.801389 0.049479 0.237963
0 36 0.261198 0.809259 0.048438 0.218519
0 37 0.233073 0.872222 0.057813 0.231481
0 38 0.107552 0.812500 0.038021 0.210185
0 39 0.123698 0.859722 0.048438 0.243519
0 40 0.483594 0.667130 0.038021 0.176852
0 41 0.771354 0.677778 0.039583 0.179630
0 42 0.607552 0.719907 0.040104 0.202778
0 43 0.637240 0.725463 0.032813 0.178704
0 44 0.549479 0.687963 0.044792 0.159259
0 45 0.792188 0.720370 0.034375 0.118519
0 46 0.739583 0.726389 0.040625 0.154630
0 47 0.885417 0.757870 0.062500 0.219444
0 48 0.908594 0.752315 0.055729 0.210185
0 50 0.772917 0.713889 0.039583 0.187037
0 52 0.591667 0.567130 0.029167 0.132407
0 53 0.564063 0.553241 0.033333 0.139815
0 54 0.454688 0.555093 0.033333 0.143519
0 55 0.586458 0.588426 0.043750 0.158333
0 56 0.535417 0.524074 0.021875 0.103704
0 57 0.513542 0.517593 0.030208 0.107407
0 58 0.481510 0.509722 0.030729 0.121296
0 59 0.436979 0.511111 0.030208 0.112963
0 60 0.410938 0.510648 0.025000 0.115741
0 61 0.502865 0.490278 0.025521 0.110185
0 62 0.477083 0.487037 0.023958 0.112963
0 63 0.457292 0.484722 0.026042 0.123148
0 64 0.441146 0.489815 0.023958 0.114815
0 65 0.402865 0.479630 0.024479 0.109259
0 66 0.429427 0.470370 0.025521 0.107407
0 71 0.518750 0.515741 0.021875 0.107407
0 72 0.411198 0.471759 0.023438 0.123148
0 73 0.755990 0.439815 0.019271 0.074074
0 74 0.764062 0.434722 0.027083 0.082407
