0 3 0.251042 0.631019 0.050000 0.165741
0 7 0.566146 0.644907 0.034375 0.187963
0 8 0.597396 0.648611 0.034375 0.180556
0 9 0.737760 0.520370 0.023438 0.096296
0 10 0.622917 0.644907 0.032292 0.178704
0 15 0.479687 0.649537 0.028125 0.137963
0 16 0.514583 0.636111 0.036458 0.170370
0 17 0.602083 0.681019 0.040625 0.165741
0 18 0.796615 0.657870 0.033854 0.158333
0 19 0.716146 0.635648 0.029167 0.150926
0 20 0.751042 0.632407 0.040625 0.164815
0 21 0.831771 0.657870 0.037500 0.167593
0 35 0.245312 0.782870 0.048958 0.226852
0 36 0.286719 0.785185 0.043229 0.203704
0 37 0.273438 0.843056 0.056250 0.221296
0 38 0.140104 0.806019 0.039583 0.210185
0 39 0.141406 0.887500 0.054688 0.226852
0 40 0.459115 0.657870 0.032813 0.167593
0 41 0.772917 0.675000 0.037500 0.185185
0 42 0.616146 0.723148 0.039583 0.203704
0 43 0.655729 0.735185 0.037500 0.185185
0 44 0.495833 0.675463 0.041667 0.154630
0 45 0.792969 0.714352 0.029687 0.117593
0 46 0.771875 0.706019 0.038542 0.154630
0 47 0.832812 0.737963 0.048958 0.212963
0 48 0.871615 0.739815 0.042188 0.203704
0 49 0.975521 0.774537 0.042708 0.208333
0 50 0.799740 0.697685 0.038021 0.178704
0 52 0.611979 0.582407 0.032292 0.131481
0 53 0.583854 0.571759 0.037500 0.143519
0 54 0.459896 0.576389 0.033333 0.149074
0 55 0.531771 0.595370 0.044792 0.157407
0 56 0.551302 0.539352 0.023438 0.104630
0 57 0.529167 0.540278 0.030208 0.126852
0 58 0.501042 0.524074 0.031250 0.120370
0 59 0.448177 0.525926 0.031771 0.118519
0 60 0.414062 0.523611 0.025000 0.115741
0 61 0.528385 0.507870 0.027604 0.115741
0 62 0.503646 0.498148 0.023958 0.112963
0 63 0.483073 0.500000 0.025521 0.129630
0 64 0.463802 0.502778 0.025521 0.116667
0 65 0.423438 0.492130 0.027083 0.123148
0 66 0.476042 0.478704 0.026042 0.107407
0 71 0.530469 0.524074 0.021354 0.107407
0 72 0.455469 0.481019 0.025521 0.123148
0 73 0.763281 0.441667 0.019271 0.074074
0 74 0.771875 0.436574 0.027083 0.082407
