0 2 0.267969 0.612963 0.043229 0.174074
0 3 0.271354 0.640278 0.050000 0.176852
0 7 0.557292 0.641204 0.034375 0.187963
0 8 0.586198 0.640741 0.033854 0.177778
0 9 0.733854 0.520370 0.023958 0.096296
0 10 0.617969 0.642130 0.031771 0.178704
0 13 0.610677 0.979167 0.041146 0.043519
0 15 0.467448 0.639815 0.027604 0.137037
0 16 0.502344 0.623148 0.036979 0.164815
0 17 0.565104 0.668056 0.039583 0.163889
0 18 0.762500 0.641667 0.034375 0.146296
0 19 0.669792 0.626389 0.029167 0.150926
0 20 0.709896 0.620833 0.041667 0.163889
0 21 0.800000 0.641667 0.033333 0.153704
0 27 0.961719 0.740278 0.047396 0.193519
0 31 0.510938 0.970833 0.061458 0.060185
0 35 0.227604 0.793056 0.047917 0.234259
0 36 0.270313 0.800926 0.048958 0.216667
0 37 0.249740 0.859722 0.056771 0.228704
0 38 0.115104 0.804630 0.039583 0.209259
0 39 0.131510 0.877778 0.054688 0.242593
0 40 0.474479 0.663426 0.031250 0.176852
0 41 0.773698 0.676389 0.040104 0.180556
0 42 0.611458 0.721296 0.039583 0.203704
0 43 0.647656 0.728704 0.035937 0.181481
0 44 0.526563 0.679630 0.037500 0.153704
0 45 0.798438 0.717593 0.034375 0.118519
0 46 0.752865 0.716204 0.040104 0.154630
0 47 0.860677 0.751852 0.050521 0.218519
0 48 0.891146 0.750463 0.047917 0.210185
0 50 0.784896 0.704630 0.040625 0.181481
0 52 0.600781 0.571759 0.029687 0.132407
0 53 0.571354 0.559722 0.035417 0.139815
0 54 0.457292 0.564352 0.033333 0.147222
0 55 0.562760 0.590741 0.044271 0.157407
0 56 0.539323 0.528241 0.023438 0.104630
0 57 0.519271 0.522222 0.030208 0.112963
0 58 0.492188 0.515278 0.033333 0.121296
0 59 0.442969 0.515278 0.031771 0.112037
0 60 0.414062 0.515278 0.025000 0.115741
0 61 0.514844 0.496296 0.026562 0.111111
0 62 0.487500 0.491667 0.023958 0.112963
0 63 0.469792 0.489815 0.026042 0.124074
0 64 0.449479 0.495833 0.025000 0.115741
0 65 0.414062 0.481481 0.027083 0.109259
0 66 0.447917 0.474074 0.026042 0.107407
0 71 0.525000 0.518519 0.021875 0.107407
0 72 0.431510 0.472685 0.024479 0.123148
0 73 0.759115 0.439815 0.019271 0.074074
0 74 0.767188 0.435648 0.027083 0.082407
