0 1 0.228646 0.606481 0.045833 0.179630
0 2 0.286719 0.613889 0.044271 0.174074
0 3 0.300521 0.635648 0.045833 0.173148
0 7 0.544271 0.639815 0.034375 0.187037
0 8 0.578385 0.635185 0.033854 0.177778
0 9 0.731250 0.520370 0.023958 0.096296
0 10 0.612760 0.637500 0.031771 0.178704
0 12 0.690104 0.962963 0.060417 0.075926
0 13 0.615365 0.958796 0.065104 0.084259
0 15 0.464323 0.627778 0.026562 0.137037
0 16 0.496094 0.610185 0.034896 0.162963
0 17 0.528125 0.657870 0.036458 0.160185
0 18 0.731250 0.631481 0.034375 0.146296
0 19 0.630208 0.612500 0.030208 0.137963
0 20 0.672917 0.612963 0.042708 0.162963
0 21 0.765625 0.629167 0.031250 0.149074
0 25 0.926562 0.739352 0.058333 0.195370
0 26 0.957812 0.742593 0.057292 0.196296
0 27 0.917969 0.728241 0.038021 0.187963
0 31 0.522396 0.952315 0.061458 0.097222
0 32 0.972656 0.722685 0.040104 0.187963
0 35 0.206250 0.804167 0.051042 0.237963
0 36 0.255729 0.813426 0.047917 0.219444
0 37 0.224219 0.877778 0.059896 0.231481
0 38 0.105990 0.810648 0.038021 0.210185
0 39 0.122656 0.854167 0.048438 0.243519
0 40 0.488802 0.670833 0.039062 0.178704
0 41 0.767969 0.682870 0.040104 0.184259
0 42 0.607292 0.722685 0.039583 0.202778
0 43 0.634896 0.724537 0.032292 0.178704
0 44 0.560677 0.689352 0.044271 0.160185
0 45 0.789583 0.723148 0.034375 0.118519
0 46 0.733854 0.727315 0.040625 0.154630
0 47 0.900000 0.762037 0.062500 0.220370
0 48 0.925260 0.756944 0.051562 0.210185
0 50 0.769010 0.716667 0.040104 0.187037
0 52 0.587500 0.566204 0.029167 0.132407
0 53 0.559896 0.550463 0.035417 0.139815
0 54 0.452604 0.553241 0.033333 0.143519
0 55 0.597917 0.591204 0.042708 0.160185
0 56 0.532552 0.524074 0.022396 0.103704
0 57 0.509375 0.514815 0.030208 0.107407
0 58 0.477083 0.507870 0.030208 0.121296
0 59 0.435417 0.508333 0.030208 0.112963
0 60 0.409375 0.508796 0.025000 0.115741
0 61 0.497656 0.488426 0.025521 0.110185
0 62 0.472396 0.485185 0.023958 0.112963
0 63 0.453646 0.481944 0.026042 0.123148
0 64 0.436198 0.488889 0.023438 0.114815
0 66 0.421615 0.470370 0.025521 0.107407
0 71 0.515885 0.513889 0.022396 0.107407
0 72 0.401823 0.470833 0.023438 0.123148
0 73 0.754687 0.438889 0.019792 0.074074
0 74 0.762500 0.433796 0.027083 0.082407
