0 7 0.572396 0.650463 0.034375 0.187963
0 8 0.606771 0.656944 0.034375 0.182407
0 9 0.741927 0.520370 0.023438 0.096296
0 10 0.625000 0.646296 0.032292 0.177778
0 15 0.497135 0.661111 0.027604 0.142593
0 16 0.530990 0.645370 0.035937 0.174074
0 17 0.640365 0.689352 0.042188 0.165741
0 18 0.823438 0.667130 0.038542 0.162037
0 19 0.765885 0.644907 0.029687 0.150926
0 20 0.791667 0.643981 0.039583 0.167593
0 21 0.856771 0.668519 0.037500 0.168519
0 35 0.261979 0.767593 0.045833 0.218519
0 36 0.300000 0.775926 0.042708 0.201852
0 37 0.289844 0.824537 0.055729 0.221296
0 38 0.172135 0.787500 0.042188 0.206481
0 39 0.144271 0.898148 0.063542 0.200000
0 40 0.452604 0.648611 0.034375 0.167593
0 41 0.776823 0.666667 0.033854 0.185185
0 42 0.620052 0.724537 0.040104 0.204630
0 43 0.656250 0.739815 0.037500 0.185185
0 44 0.469271 0.667130 0.042708 0.156481
0 45 0.791667 0.705093 0.030208 0.117593
0 46 0.782552 0.695833 0.035937 0.154630
0 47 0.821615 0.730093 0.046354 0.208333
0 48 0.861198 0.732407 0.042188 0.201852
0 49 0.925521 0.763889 0.055208 0.214815
0 50 0.805208 0.689352 0.037500 0.178704
0 51 0.964583 0.766667 0.054167 0.194444
0 52 0.623437 0.589815 0.032292 0.131481
0 53 0.595313 0.579630 0.038542 0.146296
0 54 0.461979 0.582870 0.033333 0.149074
0 55 0.514583 0.586574 0.044792 0.156481
0 56 0.563542 0.547222 0.025000 0.103704
0 57 0.539062 0.545833 0.030208 0.126852
0 58 0.508594 0.526852 0.031771 0.120370
0 59 0.455990 0.534259 0.031771 0.118519
0 60 0.415104 0.527315 0.026042 0.121296
0 61 0.540365 0.512500 0.027604 0.115741
0 62 0.516146 0.505556 0.023958 0.112963
0 63 0.496875 0.505556 0.026042 0.129630
0 64 0.478646 0.509722 0.026042 0.121296
0 65 0.427865 0.500463 0.027604 0.115741
0 66 0.498437 0.484259 0.026042 0.107407
0 67 0.431771 0.473148 0.023958 0.107407
0 71 0.535937 0.528704 0.021875 0.107407
0 72 0.476302 0.485185 0.025521 0.124074
0 73 0.768490 0.443519 0.019271 0.074074
0 74 0.776563 0.437500 0.027083 0.082407
