0 3 0.263281 0.637963 0.050521 0.174074
0 7 0.561979 0.641204 0.034375 0.187963
0 8 0.590104 0.643519 0.034375 0.177778
0 9 0.735156 0.520370 0.023438 0.096296
0 10 0.619792 0.643056 0.032292 0.178704
0 15 0.467448 0.643056 0.027604 0.137963
0 16 0.504427 0.628241 0.036979 0.165741
0 17 0.580208 0.673148 0.039583 0.164815
0 18 0.773698 0.646296 0.033854 0.148148
0 19 0.685417 0.628241 0.029167 0.150926
0 20 0.724479 0.625000 0.041667 0.164815
0 21 0.811979 0.648611 0.035417 0.162037
0 27 0.978906 0.740278 0.038021 0.197222
0 35 0.234375 0.788889 0.047917 0.231481
0 36 0.273438 0.794907 0.048958 0.206481
0 37 0.257292 0.853704 0.056250 0.225926
0 38 0.122396 0.806481 0.039583 0.209259
0 39 0.136979 0.880093 0.056250 0.239815
0 40 0.469271 0.661574 0.030208 0.173148
0 41 0.774479 0.678241 0.040625 0.184259
0 42 0.613542 0.723148 0.039583 0.203704
0 43 0.653906 0.731019 0.038021 0.182407
0 44 0.515625 0.679630 0.040625 0.153704
0 45 0.798177 0.717130 0.032813 0.117593
0 46 0.760677 0.713426 0.040104 0.154630
0 47 0.850260 0.747685 0.048438 0.217593
0 48 0.885156 0.750463 0.042188 0.210185
0 50 0.790365 0.700926 0.040104 0.179630
0 52 0.605208 0.575463 0.030208 0.132407
0 53 0.575260 0.562500 0.036979 0.139815
0 54 0.457813 0.569907 0.033333 0.149074
0 55 0.551562 0.593519 0.044792 0.157407
0 56 0.543490 0.531944 0.023438 0.104630
0 57 0.522135 0.528704 0.029687 0.122222
0 58 0.495833 0.518519 0.032292 0.120370
0 59 0.444792 0.519444 0.032292 0.114815
0 60 0.414062 0.518056 0.025000 0.115741
0 61 0.519531 0.501389 0.026562 0.113889
0 62 0.493229 0.493519 0.023958 0.112963
0 63 0.474740 0.493519 0.025521 0.125926
0 64 0.454427 0.498611 0.025521 0.115741
0 65 0.417708 0.485648 0.027083 0.113889
0 66 0.457813 0.475926 0.026042 0.107407
0 71 0.527083 0.520370 0.021875 0.107407
0 72 0.440365 0.474537 0.025521 0.123148
0 73 0.760677 0.440741 0.019271 0.074074
0 74 0.768750 0.435648 0.027083 0.082407
