0 1 0.236979 0.611111 0.045833 0.179630
0 2 0.300521 0.616204 0.039583 0.178704
0 3 0.314583 0.640278 0.044792 0.171296
0 7 0.541146 0.630556 0.034375 0.187037
0 8 0.576042 0.633333 0.034375 0.181481
0 9 0.733333 0.520370 0.023958 0.096296
0 10 0.610156 0.636574 0.032813 0.178704
0 12 0.690104 0.951389 0.061458 0.097222
0 13 0.619010 0.948611 0.068229 0.104630
0 15 0.461719 0.618981 0.025521 0.132407
0 16 0.494271 0.601852 0.034375 0.161111
0 17 0.501042 0.655093 0.036458 0.162037
0 18 0.711458 0.625000 0.034375 0.146296
0 19 0.601562 0.606019 0.029167 0.137963
0 20 0.650521 0.609259 0.042708 0.162963
0 21 0.743490 0.623611 0.031771 0.149074
0 25 0.891927 0.737500 0.055729 0.199074
0 26 0.923698 0.732407 0.056771 0.196296
0 27 0.892708 0.718056 0.034375 0.187963
0 31 0.534115 0.943981 0.060937 0.113889
0 32 0.937760 0.722685 0.042188 0.187963
0 35 0.194792 0.810185 0.054167 0.238889
0 36 0.241146 0.824537 0.048958 0.226852
0 37 0.205729 0.887500 0.062500 0.226852
0 38 0.104167 0.808796 0.037500 0.210185
0 39 0.113542 0.836574 0.051042 0.237963
0 40 0.502344 0.677315 0.042188 0.182407
0 41 0.758854 0.692593 0.040625 0.190741
0 42 0.605990 0.721296 0.038021 0.203704
0 43 0.630469 0.722685 0.031771 0.178704
0 44 0.585938 0.692593 0.039583 0.161111
0 45 0.784896 0.734259 0.034375 0.125926
0 46 0.730990 0.740741 0.039062 0.157407
0 47 0.931771 0.770370 0.063542 0.222222
0 48 0.959635 0.763889 0.051562 0.209259
0 50 0.762760 0.722685 0.040104 0.189815
0 52 0.580469 0.554167 0.029687 0.121296
0 53 0.552344 0.543519 0.038021 0.137037
0 54 0.450521 0.544444 0.034375 0.137037
0 55 0.622396 0.595370 0.040625 0.162963
0 56 0.526563 0.523148 0.023958 0.103704
0 57 0.502083 0.510185 0.030208 0.107407
0 58 0.469271 0.506019 0.030208 0.121296
0 59 0.431771 0.502778 0.030208 0.112963
0 60 0.408073 0.502778 0.025521 0.112963
0 61 0.487760 0.484259 0.025521 0.109259
0 62 0.460938 0.482407 0.023958 0.112963
0 63 0.440885 0.478241 0.022396 0.123148
0 64 0.425521 0.485648 0.022917 0.115741
0 66 0.403906 0.464815 0.025521 0.107407
0 71 0.510156 0.504630 0.025521 0.107407
0 73 0.752083 0.438889 0.019792 0.074074
0 74 0.759896 0.432870 0.027083 0.082407
