0 7 0.570833 0.648611 0.034375 0.187963
0 8 0.606250 0.656944 0.034375 0.182407
0 9 0.740885 0.520370 0.023438 0.096296
0 10 0.625000 0.646296 0.032292 0.177778
0 15 0.494531 0.659259 0.027604 0.140741
0 16 0.528125 0.643981 0.036458 0.173148
0 17 0.632031 0.688426 0.042188 0.165741
0 18 0.819271 0.666204 0.037500 0.162037
0 19 0.757031 0.643056 0.029687 0.150926
0 20 0.784375 0.641667 0.039583 0.166667
0 21 0.852604 0.666667 0.037500 0.168519
0 35 0.258594 0.769907 0.046354 0.219444
0 36 0.297396 0.778704 0.042708 0.201852
0 37 0.286198 0.827315 0.056771 0.221296
0 38 0.168229 0.792130 0.040625 0.210185
0 39 0.144531 0.896759 0.060937 0.206481
0 40 0.452604 0.651389 0.034375 0.167593
0 41 0.776042 0.668519 0.034375 0.185185
0 42 0.619271 0.724537 0.039583 0.204630
0 43 0.655729 0.739815 0.037500 0.185185
0 44 0.473177 0.668056 0.042188 0.156481
0 45 0.792188 0.706944 0.030208 0.117593
0 46 0.780990 0.697222 0.035937 0.153704
0 47 0.823438 0.732407 0.046875 0.211111
0 48 0.862500 0.733333 0.041667 0.201852
0 49 0.935677 0.767130 0.059896 0.213889
0 50 0.805729 0.691204 0.037500 0.178704
0 51 0.972396 0.769907 0.046875 0.197222
0 52 0.621354 0.588889 0.032292 0.131481
0 53 0.593490 0.578704 0.038021 0.146296
0 54 0.460938 0.581944 0.033333 0.149074
0 55 0.517188 0.588426 0.044792 0.156481
0 56 0.561719 0.546296 0.024479 0.103704
0 57 0.537500 0.544907 0.030208 0.126852
0 58 0.507031 0.526852 0.031771 0.120370
0 59 0.454427 0.532407 0.031771 0.118519
0 60 0.415104 0.526852 0.026042 0.120370
0 61 0.538802 0.512500 0.027604 0.115741
0 62 0.514062 0.504630 0.023958 0.112963
0 63 0.494792 0.504630 0.026042 0.129630
0 64 0.476562 0.509259 0.026042 0.120370
0 65 0.427604 0.497685 0.027083 0.115741
0 66 0.494531 0.483333 0.025521 0.107407
0 67 0.427604 0.470833 0.023958 0.102778
0 71 0.534896 0.527778 0.021875 0.107407
0 72 0.473177 0.485185 0.025521 0.124074
0 73 0.767708 0.442593 0.019792 0.074074
0 74 0.775521 0.437500 0.027083 0.082407
