0 1 0.229687 0.606481 0.045833 0.179630
0 2 0.289323 0.614352 0.043229 0.175000
0 3 0.302344 0.636574 0.045312 0.173148
0 7 0.543750 0.637963 0.034375 0.187037
0 8 0.577865 0.634722 0.033854 0.178704
0 9 0.731771 0.520370 0.023958 0.096296
0 10 0.612240 0.637500 0.031771 0.178704
0 12 0.690104 0.961111 0.060417 0.079630
0 13 0.615885 0.956019 0.066146 0.089815
0 15 0.463542 0.625926 0.026042 0.137037
0 16 0.495312 0.608796 0.034375 0.162037
0 17 0.522917 0.657407 0.036458 0.161111
0 18 0.727604 0.630556 0.034375 0.146296
0 19 0.624479 0.611574 0.030208 0.137963
0 20 0.668750 0.612037 0.042708 0.162963
0 21 0.761458 0.628241 0.031250 0.149074
0 25 0.920312 0.738889 0.057292 0.196296
0 26 0.951562 0.740741 0.057292 0.196296
0 27 0.913281 0.726389 0.036979 0.187963
0 31 0.524479 0.950926 0.061458 0.100000
0 32 0.965885 0.723611 0.041146 0.189815
0 35 0.203906 0.805093 0.051562 0.237963
0 36 0.252604 0.815741 0.047917 0.222222
0 37 0.220573 0.880093 0.060937 0.230556
0 38 0.105729 0.809722 0.037500 0.210185
0 39 0.120313 0.849537 0.048958 0.241667
0 40 0.490885 0.671759 0.040104 0.178704
0 41 0.766927 0.684722 0.040104 0.186111
0 42 0.606771 0.721296 0.039583 0.203704
0 43 0.633854 0.724537 0.032292 0.178704
0 44 0.565885 0.690278 0.043229 0.160185
0 45 0.788542 0.725000 0.034375 0.118519
0 46 0.732031 0.729630 0.040104 0.155556
0 47 0.905729 0.763426 0.062500 0.221296
0 48 0.931250 0.758796 0.052083 0.210185
0 50 0.767188 0.717593 0.039583 0.187037
0 52 0.585938 0.564815 0.029167 0.131481
0 53 0.558594 0.548611 0.035937 0.139815
0 54 0.451562 0.552315 0.033333 0.143519
0 55 0.602344 0.592130 0.042188 0.160185
0 56 0.531510 0.524074 0.022396 0.103704
0 57 0.507812 0.513889 0.030208 0.107407
0 58 0.475521 0.506944 0.030208 0.121296
0 59 0.434635 0.507407 0.029687 0.112963
0 60 0.409375 0.507407 0.025000 0.114815
0 61 0.496094 0.487500 0.025521 0.110185
0 62 0.470313 0.484259 0.023958 0.112963
0 63 0.452604 0.481019 0.026042 0.123148
0 64 0.434115 0.488426 0.023438 0.115741
0 66 0.418490 0.470370 0.025521 0.107407
0 71 0.515104 0.512037 0.022917 0.107407
0 72 0.398177 0.469907 0.023438 0.123148
0 73 0.754167 0.438889 0.019792 0.074074
0 74 0.761979 0.433796 0.027083 0.082407
