0 1 0.235417 0.610185 0.045833 0.179630
0 2 0.297917 0.615741 0.040625 0.177778
0 3 0.311198 0.639815 0.044271 0.172222
0 7 0.541667 0.632407 0.034375 0.187037
0 8 0.576562 0.633796 0.034375 0.180556
0 9 0.732812 0.520370 0.023958 0.096296
0 10 0.610417 0.636574 0.032292 0.178704
0 12 0.689844 0.954167 0.060937 0.091667
0 13 0.618229 0.950000 0.067708 0.101852
0 15 0.461719 0.620370 0.025521 0.135185
0 16 0.493490 0.603704 0.033854 0.161111
0 17 0.504687 0.656019 0.036458 0.162037
0 18 0.715104 0.626852 0.034375 0.146296
0 19 0.605729 0.607870 0.029167 0.137963
0 20 0.654167 0.610185 0.042708 0.162963
0 21 0.747396 0.624537 0.031250 0.149074
0 25 0.899740 0.737963 0.053646 0.198148
0 26 0.929688 0.734259 0.057292 0.196296
0 27 0.896875 0.719907 0.034375 0.187963
0 31 0.531771 0.945370 0.061458 0.111111
0 32 0.943750 0.723611 0.042708 0.189815
0 35 0.196354 0.808333 0.054167 0.238889
0 36 0.242969 0.822685 0.048438 0.226852
0 37 0.208854 0.886574 0.062500 0.228704
0 38 0.104688 0.808796 0.037500 0.210185
0 39 0.114583 0.837963 0.051042 0.238889
0 40 0.498958 0.675926 0.041667 0.181481
0 41 0.761458 0.691667 0.040625 0.190741
0 42 0.605990 0.721296 0.038021 0.203704
0 43 0.631250 0.722685 0.032292 0.178704
0 44 0.582031 0.692130 0.040104 0.160185
0 45 0.785677 0.731944 0.033854 0.125000
0 46 0.730469 0.738889 0.039062 0.157407
0 47 0.926562 0.769907 0.062500 0.223148
0 48 0.952344 0.763889 0.053646 0.209259
0 50 0.763021 0.721759 0.039583 0.187963
0 52 0.581771 0.556481 0.029167 0.124074
0 53 0.553385 0.544907 0.038021 0.137963
0 54 0.450781 0.546296 0.033854 0.138889
0 55 0.618750 0.596296 0.040625 0.162963
0 56 0.527344 0.524074 0.023438 0.103704
0 57 0.503125 0.510185 0.030208 0.107407
0 58 0.470313 0.506019 0.030208 0.121296
0 59 0.432292 0.503704 0.030208 0.112963
0 60 0.408073 0.504167 0.025521 0.113889
0 61 0.489844 0.485185 0.025521 0.109259
0 62 0.463021 0.482407 0.023958 0.112963
0 63 0.443490 0.479167 0.023438 0.123148
0 64 0.427604 0.487500 0.022917 0.115741
0 66 0.407031 0.466667 0.025521 0.107407
0 71 0.511458 0.505556 0.025000 0.107407
0 73 0.752604 0.438889 0.019792 0.074074
0 74 0.760417 0.432870 0.027083 0.082407
