0 7 0.577344 0.656019 0.033854 0.191667
0 8 0.607292 0.661574 0.035417 0.184259
0 9 0.743229 0.519444 0.023958 0.096296
0 10 0.620833 0.646296 0.032292 0.175926
0 15 0.502865 0.666204 0.027604 0.147222
0 16 0.538281 0.650000 0.035937 0.175926
0 17 0.655729 0.692593 0.040625 0.166667
0 18 0.835938 0.671759 0.038542 0.162037
0 19 0.789583 0.648611 0.030208 0.150926
0 20 0.810937 0.646759 0.039583 0.167593
0 21 0.868229 0.673611 0.037500 0.173148
0 35 0.267188 0.759722 0.045833 0.213889
0 36 0.307031 0.768981 0.042188 0.202778
0 37 0.299479 0.817130 0.053125 0.221296
0 38 0.185938 0.779167 0.043750 0.200926
0 39 0.139844 0.903704 0.061979 0.194444
0 40 0.452604 0.640278 0.034375 0.167593
0 41 0.775781 0.663889 0.033854 0.185185
0 42 0.624740 0.725463 0.040104 0.204630
0 43 0.662500 0.738426 0.040625 0.184259
0 44 0.454427 0.659722 0.041146 0.156481
0 45 0.791406 0.699537 0.029687 0.117593
0 46 0.784635 0.692593 0.035937 0.153704
0 47 0.816667 0.724537 0.045833 0.202778
0 48 0.851823 0.724537 0.045312 0.200926
0 49 0.905729 0.758333 0.056250 0.211111
0 50 0.804948 0.685185 0.038021 0.179630
0 51 0.950260 0.760648 0.049479 0.193519
0 52 0.629167 0.590741 0.032292 0.131481
0 53 0.601562 0.582407 0.038542 0.146296
0 54 0.464323 0.587500 0.033854 0.152778
0 55 0.503125 0.581944 0.044792 0.156481
0 56 0.570052 0.549074 0.025521 0.103704
0 57 0.540885 0.547685 0.029687 0.126852
0 58 0.512240 0.526852 0.031771 0.120370
0 59 0.458073 0.534259 0.031771 0.118519
0 60 0.415625 0.528704 0.026042 0.122222
0 61 0.545833 0.514352 0.028125 0.115741
0 62 0.521354 0.508333 0.023958 0.112963
0 63 0.502865 0.508333 0.025521 0.129630
0 64 0.483333 0.510648 0.026042 0.121296
0 65 0.428646 0.505093 0.028125 0.115741
0 66 0.508854 0.487963 0.026042 0.107407
0 67 0.441667 0.479630 0.023958 0.120370
0 71 0.538021 0.530556 0.021875 0.107407
0 72 0.485677 0.485185 0.025521 0.124074
0 73 0.770833 0.443519 0.019792 0.074074
0 74 0.778646 0.438426 0.027083 0.082407
