0 7 0.574219 0.652315 0.033854 0.189815
0 8 0.607292 0.656944 0.034375 0.182407
0 9 0.742448 0.519444 0.023438 0.096296
0 10 0.623958 0.646296 0.032292 0.175926
0 15 0.499219 0.663426 0.027604 0.143519
0 16 0.533594 0.646759 0.035937 0.175000
0 17 0.645833 0.690278 0.041667 0.165741
0 18 0.828125 0.668519 0.038542 0.162963
0 19 0.774740 0.645833 0.029687 0.150926
0 20 0.798958 0.644907 0.039583 0.167593
0 21 0.860938 0.670370 0.037500 0.170370
0 35 0.264062 0.764352 0.045833 0.217593
0 36 0.302604 0.773611 0.042708 0.202778
0 37 0.293490 0.821759 0.054688 0.221296
0 38 0.175521 0.783796 0.043750 0.200926
0 39 0.143490 0.899074 0.064062 0.200000
0 40 0.452604 0.644907 0.034375 0.167593
0 41 0.777865 0.665741 0.033854 0.185185
0 42 0.621094 0.725463 0.040104 0.204630
0 43 0.658594 0.739815 0.039062 0.185185
0 44 0.463802 0.664352 0.042188 0.156481
0 45 0.791667 0.703241 0.030208 0.117593
0 46 0.784115 0.694907 0.035937 0.154630
0 47 0.819531 0.728241 0.046354 0.206481
0 48 0.857552 0.729167 0.043229 0.200926
0 49 0.916667 0.761574 0.053125 0.215741
0 50 0.805208 0.687500 0.037500 0.178704
0 51 0.958073 0.763426 0.048438 0.193519
0 52 0.625521 0.590741 0.032292 0.131481
0 53 0.596875 0.580556 0.038542 0.146296
0 54 0.462760 0.583796 0.033854 0.149074
0 55 0.510417 0.584722 0.044792 0.156481
0 56 0.565885 0.548148 0.025521 0.103704
0 57 0.540625 0.546759 0.030208 0.126852
0 58 0.509635 0.526852 0.031771 0.120370
0 59 0.456510 0.534259 0.031771 0.118519
0 60 0.415104 0.527315 0.026042 0.121296
0 61 0.541927 0.513426 0.027604 0.115741
0 62 0.518229 0.507407 0.023958 0.112963
0 63 0.499479 0.506481 0.026042 0.129630
0 64 0.480208 0.510185 0.026042 0.120370
0 65 0.428125 0.502315 0.028125 0.115741
0 66 0.502344 0.486111 0.025521 0.107407
0 67 0.435417 0.475926 0.023958 0.112963
0 71 0.536458 0.528704 0.021875 0.107407
0 72 0.479948 0.485185 0.025521 0.124074
0 73 0.769271 0.443519 0.019792 0.074074
0 74 0.777604 0.438426 0.027083 0.082407
