0 7 0.572917 0.650926 0.034375 0.188889
0 8 0.606771 0.656944 0.034375 0.182407
0 9 0.741927 0.520370 0.023438 0.096296
0 10 0.625000 0.646296 0.032292 0.177778
0 15 0.497656 0.662037 0.027604 0.142593
0 16 0.531771 0.645370 0.035417 0.174074
0 17 0.641927 0.689352 0.042188 0.165741
0 18 0.825000 0.667130 0.038542 0.162037
0 19 0.768750 0.644907 0.030208 0.150926
0 20 0.794271 0.644907 0.039583 0.167593
0 21 0.858333 0.668981 0.037500 0.169444
0 35 0.262500 0.766204 0.045833 0.217593
0 36 0.301042 0.775000 0.042708 0.201852
0 37 0.290885 0.823611 0.055729 0.221296
0 38 0.173177 0.786574 0.042188 0.204630
0 39 0.144271 0.899074 0.064583 0.198148
0 40 0.452604 0.647685 0.034375 0.167593
0 41 0.777083 0.666667 0.034375 0.185185
0 42 0.620052 0.724537 0.040104 0.204630
0 43 0.657031 0.739815 0.038021 0.185185
0 44 0.467187 0.666204 0.042708 0.156481
0 45 0.791667 0.704167 0.030208 0.117593
0 46 0.783073 0.695833 0.035937 0.154630
0 47 0.821094 0.729630 0.046354 0.207407
0 48 0.859896 0.731019 0.042708 0.200926
0 49 0.922135 0.762963 0.053646 0.214815
0 50 0.805208 0.688426 0.037500 0.178704
0 51 0.962500 0.765741 0.052083 0.194444
0 52 0.624479 0.590741 0.032292 0.131481
0 53 0.595833 0.579630 0.038542 0.146296
0 54 0.462240 0.583796 0.033854 0.149074
0 55 0.513021 0.585648 0.044792 0.156481
0 56 0.564323 0.547222 0.025521 0.103704
0 57 0.539583 0.545833 0.030208 0.126852
0 58 0.509115 0.526852 0.031771 0.120370
0 59 0.455990 0.534259 0.031771 0.118519
0 60 0.415104 0.527315 0.026042 0.121296
0 61 0.540885 0.512500 0.027604 0.115741
0 62 0.516667 0.506481 0.023958 0.112963
0 63 0.497917 0.505556 0.026042 0.129630
0 64 0.479167 0.509722 0.026042 0.121296
0 65 0.427865 0.500463 0.027604 0.115741
0 66 0.499740 0.485185 0.025521 0.107407
0 67 0.432812 0.474074 0.023958 0.109259
0 71 0.535937 0.528704 0.021875 0.107407
0 72 0.477865 0.485185 0.025521 0.124074
0 73 0.768750 0.443519 0.019792 0.074074
0 74 0.777083 0.438426 0.027083 0.082407
