0 7 0.577865 0.656481 0.033854 0.192593
0 8 0.607292 0.662500 0.035417 0.184259
0 9 0.743490 0.519444 0.023438 0.096296
0 10 0.620313 0.646296 0.032292 0.175926
0 15 0.503385 0.667130 0.027604 0.147222
0 16 0.539062 0.650000 0.035417 0.175926
0 17 0.657552 0.693519 0.040104 0.166667
0 18 0.837500 0.672222 0.038542 0.162963
0 19 0.792188 0.648611 0.030208 0.150926
0 20 0.813021 0.647685 0.039583 0.167593
0 21 0.869271 0.674537 0.037500 0.173148
0 35 0.268229 0.758796 0.045833 0.213889
0 36 0.308073 0.768519 0.042188 0.203704
0 37 0.300000 0.815278 0.053125 0.219444
0 38 0.188021 0.778241 0.043750 0.200926
0 39 0.138542 0.905093 0.061458 0.191667
0 40 0.452604 0.639352 0.034375 0.167593
0 41 0.775260 0.662963 0.033854 0.185185
0 42 0.625781 0.725463 0.040104 0.204630
0 43 0.663542 0.738426 0.040625 0.184259
0 44 0.452865 0.658796 0.041146 0.156481
0 45 0.791406 0.698611 0.029687 0.117593
0 46 0.784635 0.692130 0.035937 0.152778
0 47 0.816146 0.724074 0.045833 0.201852
0 48 0.850781 0.723611 0.045312 0.200926
0 49 0.902344 0.756481 0.053646 0.209259
0 50 0.804948 0.684259 0.038021 0.179630
0 51 0.948698 0.759722 0.049479 0.193519
0 52 0.629687 0.590741 0.032292 0.131481
0 53 0.602604 0.582407 0.038542 0.146296
0 54 0.464583 0.587963 0.034375 0.153704
0 55 0.502083 0.581944 0.044792 0.156481
0 56 0.570573 0.549074 0.025521 0.103704
0 57 0.540885 0.547685 0.029687 0.126852
0 58 0.512240 0.526852 0.031771 0.120370
0 59 0.458073 0.534259 0.031771 0.118519
0 60 0.415885 0.529630 0.025521 0.122222
0 61 0.546875 0.514352 0.028125 0.115741
0 62 0.521875 0.508333 0.023958 0.112963
0 63 0.503385 0.508333 0.025521 0.129630
0 64 0.484375 0.511574 0.026042 0.121296
0 65 0.428646 0.505093 0.028125 0.115741
0 66 0.509896 0.487963 0.026042 0.107407
0 67 0.442708 0.480556 0.023958 0.120370
0 71 0.538542 0.530556 0.021875 0.107407
0 72 0.487240 0.485185 0.025521 0.124074
0 73 0.770833 0.443519 0.019792 0.074074
0 74 0.779167 0.438426 0.027083 0.082407
