0 1 0.231250 0.607407 0.045833 0.179630
0 2 0.291667 0.614815 0.042708 0.175926
0 3 0.304688 0.637500 0.044792 0.173148
0 7 0.543229 0.636111 0.034375 0.187037
0 8 0.577344 0.634259 0.033854 0.179630
0 9 0.731771 0.520370 0.023958 0.096296
0 10 0.611719 0.636574 0.031771 0.178704
0 12 0.690104 0.959259 0.060417 0.081481
0 13 0.616146 0.953704 0.066667 0.094444
0 15 0.463021 0.624074 0.026042 0.137037
0 16 0.494792 0.606944 0.034375 0.162037
0 17 0.517708 0.657407 0.036458 0.161111
0 18 0.723958 0.629630 0.034375 0.146296
0 19 0.619010 0.610648 0.029687 0.137963
0 20 0.664583 0.612037 0.042708 0.162963
0 21 0.757552 0.627315 0.031771 0.149074
0 25 0.914583 0.738426 0.056250 0.197222
0 26 0.945312 0.738889 0.057292 0.196296
0 27 0.908594 0.724537 0.035937 0.187963
0 31 0.526563 0.949074 0.061458 0.103704
0 32 0.959115 0.725000 0.042188 0.190741
0 35 0.201823 0.806019 0.052604 0.237963
0 36 0.249479 0.817593 0.047917 0.224074
0 37 0.217188 0.881944 0.061458 0.230556
0 38 0.105208 0.808796 0.037500 0.210185
0 39 0.118229 0.845370 0.050000 0.240741
0 40 0.492969 0.673148 0.040104 0.179630
0 41 0.765625 0.687500 0.040625 0.187963
0 42 0.606510 0.721296 0.039062 0.203704
0 43 0.633333 0.723611 0.032292 0.178704
0 44 0.570833 0.691204 0.042708 0.160185
0 45 0.787500 0.726389 0.034375 0.119444
0 46 0.730469 0.733796 0.039062 0.156481
0 47 0.911979 0.765278 0.062500 0.221296
0 48 0.936198 0.760648 0.054688 0.210185
0 50 0.765625 0.719444 0.039583 0.187037
0 52 0.584896 0.562037 0.029167 0.129630
0 53 0.557031 0.547685 0.036979 0.139815
0 54 0.451042 0.550926 0.033333 0.142593
0 55 0.607031 0.593519 0.042188 0.161111
0 56 0.530208 0.524074 0.022917 0.103704
0 57 0.506250 0.512963 0.030208 0.107407
0 58 0.474479 0.506944 0.030208 0.121296
0 59 0.433854 0.506481 0.030208 0.112963
0 60 0.408854 0.506481 0.025000 0.114815
0 61 0.494531 0.487037 0.025521 0.109259
0 62 0.468229 0.484259 0.023958 0.112963
0 63 0.449740 0.480093 0.025521 0.123148
0 64 0.432292 0.487963 0.022917 0.114815
0 66 0.415104 0.469444 0.026042 0.107407
0 71 0.514062 0.510185 0.023958 0.107407
0 72 0.394010 0.469907 0.023438 0.123148
0 73 0.753646 0.438889 0.019792 0.074074
0 74 0.761458 0.433796 0.027083 0.082407
