0 1 0.245052 0.617593 0.046354 0.179630
0 2 0.305729 0.618056 0.039583 0.178704
0 3 0.325521 0.642593 0.044792 0.168519
0 7 0.539583 0.625926 0.034375 0.187037
0 8 0.573958 0.631019 0.034375 0.180556
0 9 0.734896 0.519444 0.023958 0.096296
0 10 0.609115 0.636574 0.033854 0.178704
0 12 0.691146 0.941667 0.063542 0.118519
0 13 0.621354 0.943519 0.069792 0.114815
0 15 0.461458 0.613889 0.026042 0.122222
0 16 0.496875 0.597222 0.034375 0.161111
0 17 0.494271 0.649537 0.036458 0.162037
0 18 0.698958 0.621296 0.034375 0.146296
0 19 0.586719 0.602315 0.028646 0.137963
0 20 0.635938 0.608333 0.042708 0.162963
0 21 0.729167 0.618981 0.031250 0.149074
0 25 0.878385 0.735648 0.051562 0.202778
0 26 0.901042 0.726389 0.055208 0.195370
0 27 0.880729 0.716204 0.034375 0.187963
0 31 0.542448 0.937037 0.060937 0.127778
0 32 0.920312 0.719444 0.042708 0.187037
0 35 0.188542 0.816667 0.054167 0.240741
0 36 0.234375 0.830093 0.050000 0.226852
0 37 0.195312 0.890741 0.062500 0.220370
0 38 0.103125 0.807870 0.037500 0.210185
0 39 0.109375 0.833796 0.047917 0.237963
0 40 0.514323 0.681481 0.042188 0.187037
0 41 0.750781 0.696759 0.040104 0.189815
0 42 0.608073 0.719907 0.039062 0.202778
0 43 0.630990 0.722222 0.033854 0.179630
0 44 0.599479 0.693981 0.036458 0.162037
0 45 0.781250 0.738889 0.034375 0.129630
0 46 0.733854 0.746759 0.039583 0.160185
0 47 0.950521 0.771759 0.066667 0.219444
0 48 0.972135 0.765741 0.051562 0.209259
0 50 0.761979 0.726852 0.040625 0.194444
0 52 0.575521 0.547222 0.029167 0.116667
0 53 0.547917 0.539815 0.037500 0.131481
0 54 0.448177 0.539815 0.032813 0.135185
0 55 0.635938 0.594444 0.040625 0.162963
0 56 0.524479 0.518519 0.020833 0.103704
0 57 0.497396 0.507407 0.030208 0.107407
0 58 0.464844 0.503241 0.029687 0.121296
0 59 0.428125 0.500000 0.030208 0.112963
0 60 0.407292 0.500926 0.026042 0.112963
0 61 0.478125 0.482407 0.026042 0.109259
0 62 0.451042 0.478704 0.023958 0.112963
0 63 0.433594 0.475463 0.021354 0.123148
0 64 0.418490 0.481944 0.023438 0.113889
0 71 0.505729 0.500463 0.025000 0.106481
0 73 0.751563 0.437963 0.019792 0.074074
0 74 0.757812 0.432870 0.027083 0.082407
