0 2 0.273177 0.612963 0.044271 0.174074
0 3 0.279687 0.639815 0.047917 0.174074
0 7 0.553646 0.640741 0.034375 0.187037
0 8 0.583073 0.638426 0.033854 0.176852
0 9 0.732552 0.520370 0.023438 0.096296
0 10 0.616406 0.641204 0.031771 0.178704
0 12 0.685156 0.975926 0.039062 0.050000
0 13 0.610417 0.972222 0.059375 0.057407
0 15 0.467448 0.636574 0.027604 0.137963
0 16 0.500521 0.618981 0.036458 0.163889
0 17 0.554167 0.664815 0.038542 0.162963
0 18 0.753125 0.638889 0.034375 0.146296
0 19 0.657292 0.623148 0.029167 0.148148
0 20 0.698177 0.617593 0.042188 0.162963
0 21 0.790104 0.636574 0.031250 0.149074
0 25 0.959115 0.750463 0.057813 0.204630
0 27 0.948438 0.738426 0.051042 0.189815
0 31 0.513021 0.964352 0.061458 0.073148
0 35 0.220573 0.796759 0.048438 0.236111
0 36 0.267188 0.805093 0.048958 0.223148
0 37 0.243750 0.865278 0.056250 0.230556
0 38 0.111719 0.807407 0.039062 0.209259
0 39 0.127604 0.869444 0.051042 0.242593
0 40 0.478125 0.664815 0.034375 0.175926
0 41 0.773438 0.675463 0.039583 0.178704
0 42 0.609375 0.719444 0.039583 0.203704
0 43 0.641406 0.726852 0.033854 0.179630
0 44 0.535937 0.682870 0.040625 0.156481
0 45 0.795833 0.717593 0.034375 0.118519
0 46 0.747396 0.720833 0.040625 0.154630
0 47 0.870573 0.754630 0.055729 0.218519
0 48 0.896615 0.750463 0.052604 0.210185
0 50 0.779687 0.708796 0.040625 0.184259
0 52 0.597396 0.568981 0.029167 0.132407
0 53 0.568229 0.556944 0.034375 0.139815
0 54 0.457031 0.559259 0.033854 0.144444
0 55 0.572135 0.588889 0.044271 0.157407
0 56 0.537760 0.525926 0.022396 0.103704
0 57 0.516667 0.519907 0.030208 0.110185
0 58 0.488021 0.512500 0.032292 0.121296
0 59 0.440365 0.513426 0.030729 0.112037
0 60 0.412500 0.513426 0.025000 0.115741
0 61 0.510156 0.493056 0.025521 0.110185
0 62 0.482812 0.490741 0.023958 0.112963
0 63 0.464062 0.487963 0.026042 0.124074
0 64 0.446094 0.493056 0.024479 0.115741
0 65 0.409375 0.480556 0.026042 0.109259
0 66 0.440365 0.472222 0.025521 0.107407
0 71 0.522396 0.517593 0.021875 0.107407
0 72 0.423438 0.472685 0.023958 0.123148
0 73 0.757812 0.439815 0.019792 0.074074
0 74 0.766146 0.434722 0.027083 0.082407
