0 1 0.233854 0.609259 0.045833 0.179630
0 2 0.295573 0.615278 0.041146 0.176852
0 3 0.308073 0.639352 0.044271 0.173148
0 7 0.542188 0.633333 0.034375 0.187037
0 8 0.576823 0.633796 0.033854 0.180556
0 9 0.732812 0.520370 0.023958 0.096296
0 10 0.610677 0.636574 0.031771 0.178704
0 12 0.690104 0.956481 0.060417 0.087037
0 13 0.617448 0.951389 0.067187 0.099074
0 15 0.461979 0.621296 0.025000 0.137037
0 16 0.493490 0.604630 0.033854 0.161111
0 17 0.509896 0.656481 0.036458 0.161111
0 18 0.718750 0.627778 0.034375 0.146296
0 19 0.610677 0.608796 0.029687 0.137963
0 20 0.658333 0.611111 0.042708 0.162963
0 21 0.751563 0.625463 0.031250 0.149074
0 25 0.905469 0.737963 0.054688 0.198148
0 26 0.935937 0.736111 0.057292 0.196296
0 27 0.901563 0.721759 0.035417 0.187963
0 31 0.529687 0.946759 0.061458 0.108333
0 32 0.949740 0.724537 0.042188 0.189815
0 35 0.198177 0.806944 0.053646 0.237963
0 36 0.245052 0.820833 0.048438 0.226852
0 37 0.211979 0.885648 0.062500 0.230556
0 38 0.104688 0.808796 0.037500 0.210185
0 39 0.115625 0.839815 0.051042 0.238889
0 40 0.496094 0.675000 0.041146 0.181481
0 41 0.764062 0.690741 0.040625 0.190741
0 42 0.606250 0.721296 0.038542 0.203704
0 43 0.632031 0.723611 0.031771 0.178704
0 44 0.578385 0.692130 0.041146 0.160185
0 45 0.786458 0.729630 0.034375 0.122222
0 46 0.729948 0.737037 0.039062 0.157407
0 47 0.920312 0.767593 0.062500 0.222222
0 48 0.944792 0.762963 0.056250 0.209259
0 50 0.763542 0.721296 0.039583 0.187037
0 52 0.583073 0.558333 0.029687 0.125926
0 53 0.554948 0.546759 0.038021 0.139815
0 54 0.450781 0.548148 0.033854 0.140741
0 55 0.613802 0.594907 0.041146 0.162037
0 56 0.528385 0.524074 0.023438 0.103704
0 57 0.504167 0.511111 0.030208 0.107407
0 58 0.471875 0.506019 0.030208 0.121296
0 59 0.433073 0.505556 0.029687 0.112963
0 60 0.408594 0.505093 0.025521 0.113889
0 61 0.491927 0.486111 0.025521 0.109259
0 62 0.465104 0.483333 0.023958 0.112963
0 63 0.445833 0.479167 0.023958 0.123148
0 64 0.429167 0.487500 0.022917 0.115741
0 66 0.410417 0.467593 0.026042 0.107407
0 71 0.512500 0.507407 0.025000 0.107407
0 73 0.753125 0.438889 0.019792 0.074074
0 74 0.760938 0.433796 0.027083 0.082407
