0 1 0.239063 0.612963 0.045833 0.179630
0 2 0.301563 0.616204 0.039583 0.178704
0 3 0.317708 0.640741 0.044792 0.170370
0 7 0.540625 0.628704 0.034375 0.187037
0 8 0.575521 0.632870 0.034375 0.182407
0 9 0.733854 0.520370 0.023958 0.096296
0 10 0.609635 0.636574 0.032813 0.178704
0 12 0.690104 0.948611 0.062500 0.104630
0 13 0.619531 0.947222 0.068229 0.107407
0 15 0.461719 0.617593 0.025521 0.129630
0 16 0.495052 0.600926 0.033854 0.161111
0 17 0.498958 0.653241 0.036458 0.162037
0 18 0.707812 0.624074 0.034375 0.146296
0 19 0.597396 0.605093 0.029167 0.137963
0 20 0.646354 0.609259 0.042708 0.162963
0 21 0.739323 0.621759 0.031771 0.149074
0 25 0.887240 0.737037 0.056771 0.200000
0 26 0.917188 0.730556 0.056250 0.196296
0 27 0.889583 0.717130 0.034375 0.187963
0 31 0.536198 0.941667 0.060937 0.118519
0 32 0.931771 0.721759 0.042708 0.187963
0 35 0.192708 0.812037 0.054167 0.238889
0 36 0.239063 0.826389 0.048958 0.226852
0 37 0.202604 0.888426 0.062500 0.225000
0 38 0.103646 0.808796 0.037500 0.210185
0 39 0.112240 0.835648 0.050521 0.237963
0 40 0.505729 0.678241 0.041667 0.184259
0 41 0.756510 0.693519 0.040104 0.190741
0 42 0.605729 0.721296 0.037500 0.203704
0 43 0.629948 0.722685 0.031771 0.178704
0 44 0.589583 0.692593 0.038542 0.161111
0 45 0.784115 0.736574 0.033854 0.128704
0 46 0.730990 0.742593 0.039062 0.157407
0 47 0.937240 0.770833 0.064062 0.221296
0 48 0.967187 0.764815 0.048958 0.209259
0 50 0.762760 0.724074 0.040104 0.190741
0 52 0.579427 0.551389 0.029687 0.119444
0 53 0.551042 0.542593 0.037500 0.135185
0 54 0.450521 0.542593 0.034375 0.135185
0 55 0.626042 0.595370 0.040625 0.162963
0 56 0.526042 0.521296 0.022917 0.103704
0 57 0.500521 0.509259 0.030208 0.107407
0 58 0.467708 0.505093 0.030208 0.121296
0 59 0.430729 0.501852 0.030208 0.112963
0 60 0.407552 0.501852 0.025521 0.112963
0 61 0.484896 0.484259 0.026042 0.109259
0 62 0.458333 0.481481 0.023958 0.112963
0 63 0.438281 0.478241 0.021354 0.123148
0 64 0.423438 0.484722 0.022917 0.115741
0 66 0.400521 0.463889 0.025000 0.107407
0 71 0.509115 0.503241 0.025521 0.106481
0 73 0.751563 0.437963 0.019792 0.074074
0 74 0.759375 0.432870 0.027083 0.082407
