0 7 0.569792 0.647685 0.034375 0.187963
0 8 0.604688 0.654167 0.034375 0.182407
0 9 0.740365 0.520370 0.023438 0.096296
0 10 0.625000 0.645833 0.032292 0.178704
0 15 0.492448 0.656944 0.027604 0.139815
0 16 0.525260 0.641667 0.035937 0.172222
0 17 0.623958 0.687500 0.041667 0.165741
0 18 0.815104 0.665278 0.036458 0.162037
0 19 0.748177 0.641204 0.029687 0.150926
0 20 0.777344 0.639815 0.040104 0.166667
0 21 0.848437 0.665278 0.037500 0.167593
0 35 0.255729 0.772685 0.046875 0.221296
0 36 0.295833 0.781481 0.042708 0.203704
0 37 0.283333 0.830093 0.057292 0.221296
0 38 0.163021 0.796759 0.040625 0.210185
0 39 0.144010 0.893981 0.063021 0.212037
0 40 0.453385 0.653241 0.033854 0.167593
0 41 0.775260 0.670370 0.034896 0.185185
0 42 0.618750 0.724537 0.039583 0.204630
0 43 0.655729 0.738889 0.037500 0.185185
0 44 0.477604 0.669907 0.041667 0.156481
0 45 0.792188 0.708796 0.030208 0.117593
0 46 0.779427 0.698148 0.035937 0.153704
0 47 0.825521 0.735185 0.046875 0.212963
0 48 0.864062 0.734259 0.041667 0.201852
0 49 0.948438 0.768981 0.065625 0.212037
0 50 0.804167 0.692130 0.037500 0.178704
0 51 0.979167 0.771296 0.035417 0.200000
0 52 0.619271 0.587037 0.032292 0.131481
0 53 0.591667 0.577778 0.037500 0.146296
0 54 0.460417 0.581019 0.033333 0.149074
0 55 0.519792 0.590278 0.044792 0.156481
0 56 0.559375 0.545833 0.023958 0.104630
0 57 0.535937 0.544907 0.030208 0.126852
0 58 0.505990 0.526852 0.031771 0.120370
0 59 0.452865 0.531481 0.031771 0.118519
0 60 0.415104 0.526852 0.026042 0.120370
0 61 0.537240 0.511574 0.027604 0.115741
0 62 0.511979 0.503704 0.023958 0.112963
0 63 0.492188 0.503704 0.026042 0.129630
0 64 0.474479 0.508333 0.026042 0.120370
0 65 0.427083 0.495833 0.027083 0.115741
0 66 0.490365 0.482407 0.025521 0.107407
0 67 0.423958 0.468056 0.023958 0.097222
0 71 0.533854 0.526852 0.021875 0.107407
0 72 0.469531 0.485185 0.025521 0.124074
0 73 0.766667 0.442593 0.019792 0.074074
0 74 0.775000 0.437500 0.027083 0.082407
