0 3 0.247917 0.630093 0.050000 0.165741
0 7 0.566667 0.644907 0.034375 0.187963
0 8 0.598437 0.649537 0.034375 0.180556
0 9 0.738281 0.520370 0.023438 0.096296
0 10 0.623437 0.645370 0.032292 0.179630
0 15 0.482292 0.650463 0.028125 0.137963
0 16 0.516667 0.637037 0.036458 0.170370
0 17 0.605469 0.682870 0.041146 0.165741
0 18 0.800781 0.660648 0.033854 0.160185
0 19 0.721875 0.636574 0.029167 0.150926
0 20 0.755729 0.633796 0.040625 0.165741
0 21 0.835417 0.659722 0.037500 0.167593
0 35 0.247135 0.780556 0.048438 0.225926
0 36 0.289062 0.785185 0.042708 0.203704
0 37 0.275000 0.840278 0.056250 0.221296
0 38 0.143229 0.806019 0.039583 0.210185
0 39 0.141927 0.888889 0.056771 0.224074
0 40 0.458073 0.656944 0.032813 0.167593
0 41 0.772917 0.675000 0.036458 0.185185
0 42 0.616667 0.723148 0.039583 0.203704
0 43 0.655729 0.735185 0.037500 0.185185
0 44 0.491927 0.674074 0.041146 0.155556
0 45 0.792969 0.713426 0.029687 0.117593
0 46 0.773177 0.704630 0.038021 0.153704
0 47 0.831250 0.737037 0.048958 0.212963
0 48 0.869271 0.738426 0.041667 0.202778
0 49 0.972917 0.772685 0.047917 0.210185
0 50 0.800781 0.696759 0.038021 0.178704
0 52 0.613021 0.583333 0.032292 0.131481
0 53 0.585417 0.573148 0.037500 0.144444
0 54 0.459896 0.577315 0.033333 0.149074
0 55 0.528646 0.596296 0.044792 0.157407
0 56 0.552604 0.541204 0.022917 0.104630
0 57 0.530729 0.542130 0.030208 0.126852
0 58 0.501823 0.525000 0.031771 0.120370
0 59 0.449219 0.526852 0.031771 0.118519
0 60 0.414062 0.524074 0.025000 0.116667
0 61 0.529948 0.508796 0.027604 0.115741
0 62 0.505208 0.499074 0.023958 0.112963
0 63 0.484635 0.500000 0.025521 0.129630
0 64 0.465885 0.503704 0.025521 0.116667
0 65 0.423958 0.493056 0.027083 0.121296
0 66 0.478646 0.479630 0.026042 0.107407
0 71 0.530990 0.525000 0.021354 0.107407
0 72 0.458073 0.481944 0.025521 0.123148
0 73 0.763802 0.441667 0.019271 0.074074
0 74 0.772396 0.436574 0.027083 0.082407
