0 7 0.571354 0.649537 0.034375 0.187963
0 8 0.606771 0.657870 0.034375 0.182407
0 9 0.741406 0.520370 0.023438 0.096296
0 10 0.625000 0.646296 0.032292 0.177778
0 15 0.495573 0.659722 0.027604 0.141667
0 16 0.528906 0.643981 0.035937 0.173148
0 17 0.634635 0.688426 0.042188 0.165741
0 18 0.820573 0.666204 0.038021 0.162037
0 19 0.760156 0.643056 0.029687 0.150926
0 20 0.786979 0.642593 0.039583 0.166667
0 21 0.854167 0.667593 0.037500 0.168519
0 35 0.259635 0.768981 0.046354 0.219444
0 36 0.298438 0.777778 0.042708 0.201852
0 37 0.287500 0.826389 0.056250 0.221296
0 38 0.170313 0.791204 0.040625 0.210185
0 39 0.144271 0.896759 0.061458 0.204630
0 40 0.452604 0.650463 0.034375 0.167593
0 41 0.776302 0.667593 0.034896 0.185185
0 42 0.619531 0.724537 0.040104 0.204630
0 43 0.655729 0.739815 0.037500 0.185185
0 44 0.471875 0.668056 0.042708 0.156481
0 45 0.792188 0.706019 0.030208 0.117593
0 46 0.781510 0.696759 0.035937 0.154630
0 47 0.822656 0.731944 0.046354 0.210185
0 48 0.861979 0.732407 0.041667 0.201852
0 49 0.932292 0.766204 0.058333 0.213889
0 50 0.805208 0.690278 0.037500 0.178704
0 51 0.969531 0.768981 0.051562 0.195370
0 52 0.622396 0.588889 0.032292 0.131481
0 53 0.594010 0.578704 0.038021 0.146296
0 54 0.461458 0.582870 0.033333 0.149074
0 55 0.516146 0.587500 0.044792 0.156481
0 56 0.562240 0.546759 0.024479 0.104630
0 57 0.538021 0.545833 0.030208 0.126852
0 58 0.507552 0.526852 0.031771 0.120370
0 59 0.454948 0.533333 0.031771 0.118519
0 60 0.415104 0.526852 0.026042 0.120370
0 61 0.539323 0.512500 0.027604 0.115741
0 62 0.514583 0.505556 0.023958 0.112963
0 63 0.495312 0.504630 0.026042 0.129630
0 64 0.477083 0.509259 0.026042 0.120370
0 65 0.427604 0.498611 0.027083 0.115741
0 66 0.495833 0.483333 0.026042 0.107407
0 67 0.429167 0.471296 0.023958 0.103704
0 71 0.534896 0.527778 0.021875 0.107407
0 72 0.474219 0.485185 0.025521 0.124074
0 73 0.767708 0.442593 0.019792 0.074074
0 74 0.776042 0.437500 0.027083 0.082407
