0 7 0.573698 0.651852 0.033854 0.188889
0 8 0.606771 0.656944 0.034375 0.182407
0 9 0.742448 0.520370 0.023438 0.096296
0 10 0.625000 0.646759 0.032292 0.176852
0 15 0.498698 0.662963 0.027604 0.142593
0 16 0.532552 0.646296 0.035937 0.174074
0 17 0.644010 0.689815 0.042188 0.166667
0 18 0.826562 0.668056 0.038542 0.162037
0 19 0.771875 0.645833 0.030208 0.150926
0 20 0.796354 0.644907 0.039583 0.167593
0 21 0.859896 0.669907 0.037500 0.169444
0 35 0.263021 0.765278 0.045833 0.217593
0 36 0.301823 0.774074 0.042188 0.201852
0 37 0.292187 0.822685 0.055208 0.221296
0 38 0.174219 0.784722 0.043229 0.202778
0 39 0.143750 0.898611 0.064583 0.199074
0 40 0.452604 0.646759 0.034375 0.167593
0 41 0.777344 0.665741 0.033854 0.185185
0 42 0.620573 0.725463 0.040104 0.204630
0 43 0.657813 0.739815 0.038542 0.185185
0 44 0.465365 0.665278 0.042188 0.156481
0 45 0.791667 0.703241 0.030208 0.117593
0 46 0.783594 0.695370 0.035937 0.153704
0 47 0.820052 0.728704 0.046354 0.207407
0 48 0.858594 0.730093 0.043229 0.200926
0 49 0.919010 0.762500 0.051562 0.215741
0 50 0.805208 0.688426 0.037500 0.178704
0 51 0.960156 0.764352 0.050521 0.193519
0 52 0.625000 0.590741 0.032292 0.131481
0 53 0.596354 0.580556 0.038542 0.146296
0 54 0.462500 0.583796 0.033333 0.149074
0 55 0.511458 0.584722 0.044792 0.156481
0 56 0.565365 0.548148 0.025521 0.103704
0 57 0.540104 0.545833 0.030208 0.126852
0 58 0.509115 0.526852 0.031771 0.120370
0 59 0.456510 0.534259 0.031771 0.118519
0 60 0.415104 0.527315 0.026042 0.121296
0 61 0.541406 0.513426 0.027604 0.115741
0 62 0.517188 0.506481 0.023958 0.112963
0 63 0.498437 0.506481 0.026042 0.129630
0 64 0.479687 0.510185 0.026042 0.120370
0 65 0.427865 0.501389 0.027604 0.115741
0 66 0.501042 0.485185 0.026042 0.107407
0 67 0.434375 0.475000 0.023958 0.111111
0 71 0.536458 0.528704 0.021875 0.107407
0 72 0.478906 0.485185 0.025521 0.124074
0 73 0.769271 0.443519 0.019792 0.074074
0 74 0.777083 0.438426 0.027083 0.082407
