0 2 0.263802 0.612963 0.042188 0.174074
0 3 0.266146 0.637963 0.050000 0.174074
0 7 0.560417 0.641204 0.034375 0.187963
0 8 0.588802 0.642593 0.033854 0.177778
0 9 0.734635 0.520370 0.023438 0.096296
0 10 0.619271 0.643056 0.032292 0.178704
0 15 0.467448 0.642130 0.027604 0.137963
0 16 0.503385 0.626852 0.036979 0.164815
0 17 0.575000 0.671759 0.039583 0.163889
0 18 0.769792 0.644444 0.034375 0.146296
0 19 0.680208 0.627315 0.029167 0.150926
0 20 0.719792 0.623611 0.041667 0.163889
0 21 0.808073 0.646296 0.034896 0.159259
0 27 0.973177 0.740278 0.041146 0.195370
0 35 0.232292 0.790278 0.047917 0.232407
0 36 0.272396 0.796759 0.048958 0.210185
0 37 0.254688 0.856019 0.056250 0.226852
0 38 0.119271 0.806481 0.039583 0.209259
0 39 0.134896 0.879630 0.056250 0.240741
0 40 0.471354 0.662500 0.030208 0.175000
0 41 0.773958 0.677315 0.040625 0.182407
0 42 0.613021 0.723148 0.039583 0.203704
0 43 0.652604 0.730093 0.037500 0.182407
0 44 0.519271 0.679630 0.039583 0.153704
0 45 0.799740 0.717130 0.033854 0.117593
0 46 0.758073 0.714352 0.040104 0.154630
0 47 0.853385 0.749537 0.048438 0.217593
0 48 0.886979 0.750463 0.043750 0.210185
0 50 0.789062 0.701852 0.040625 0.179630
0 52 0.603646 0.574537 0.030208 0.132407
0 53 0.573958 0.561574 0.036458 0.139815
0 54 0.457813 0.568981 0.033333 0.149074
0 55 0.555208 0.592593 0.044792 0.157407
0 56 0.541927 0.531019 0.023438 0.104630
0 57 0.521094 0.526389 0.029687 0.119444
0 58 0.494792 0.517593 0.032292 0.120370
0 59 0.444271 0.518056 0.032292 0.113889
0 60 0.414062 0.517130 0.025000 0.115741
0 61 0.517969 0.499537 0.026562 0.112037
0 62 0.491146 0.492593 0.023958 0.112963
0 63 0.473177 0.492130 0.025521 0.125000
0 64 0.452344 0.497685 0.025521 0.115741
0 65 0.416667 0.483796 0.027083 0.112037
0 66 0.454167 0.475926 0.026042 0.107407
0 71 0.526563 0.519444 0.021875 0.107407
0 72 0.437500 0.473611 0.025000 0.123148
0 73 0.760156 0.440741 0.019271 0.074074
0 74 0.768229 0.435648 0.027083 0.082407
