0 7 0.576302 0.654630 0.033854 0.190741
0 8 0.607031 0.659259 0.034896 0.183333
0 9 0.742969 0.519444 0.023438 0.096296
0 10 0.621875 0.646296 0.032292 0.175926
0 15 0.501302 0.665278 0.027604 0.145370
0 16 0.536458 0.648611 0.035417 0.175000
0 17 0.651823 0.691667 0.041146 0.166667
0 18 0.832812 0.670370 0.038542 0.162963
0 19 0.783333 0.647685 0.030208 0.150926
0 20 0.806250 0.645833 0.039583 0.167593
0 21 0.865104 0.672222 0.037500 0.172222
0 35 0.266146 0.761574 0.045833 0.215741
0 36 0.305208 0.770833 0.042708 0.202778
0 37 0.296875 0.818981 0.054167 0.221296
0 38 0.181771 0.781019 0.043750 0.200926
0 39 0.141667 0.900926 0.063542 0.200000
0 40 0.452604 0.642130 0.034375 0.167593
0 41 0.776302 0.663889 0.033854 0.185185
0 42 0.623177 0.725463 0.040104 0.204630
0 43 0.660937 0.738889 0.039583 0.185185
0 44 0.458333 0.661574 0.041667 0.156481
0 45 0.791406 0.700463 0.029687 0.117593
0 46 0.784635 0.693981 0.035937 0.154630
0 47 0.817708 0.725926 0.045833 0.203704
0 48 0.853906 0.726389 0.044271 0.200926
0 49 0.910937 0.760185 0.057292 0.212963
0 50 0.804948 0.686111 0.038021 0.179630
0 51 0.953125 0.761574 0.048958 0.193519
0 52 0.627604 0.590741 0.032292 0.131481
0 53 0.599479 0.581481 0.038542 0.146296
0 54 0.463802 0.585648 0.033854 0.150926
0 55 0.506250 0.582870 0.044792 0.156481
0 56 0.568490 0.548148 0.025521 0.103704
0 57 0.540625 0.546759 0.030208 0.126852
0 58 0.511198 0.526852 0.031771 0.120370
0 59 0.457552 0.534259 0.031771 0.118519
0 60 0.415625 0.528241 0.026042 0.121296
0 61 0.543750 0.514352 0.028125 0.115741
0 62 0.519792 0.507407 0.023958 0.112963
0 63 0.501563 0.507407 0.026042 0.129630
0 64 0.482292 0.510648 0.026042 0.121296
0 65 0.428646 0.505093 0.028125 0.115741
0 66 0.506250 0.487037 0.026042 0.107407
0 67 0.439583 0.478704 0.023958 0.118519
0 71 0.537500 0.529630 0.021875 0.107407
0 72 0.483594 0.485185 0.025521 0.124074
0 73 0.770312 0.443519 0.019792 0.074074
0 74 0.778125 0.438426 0.027083 0.082407
