0 7 0.570312 0.648611 0.034375 0.187963
0 8 0.605729 0.656019 0.034375 0.182407
0 9 0.740885 0.520370 0.023438 0.096296
0 10 0.625000 0.646296 0.032292 0.177778
0 15 0.494010 0.658333 0.027604 0.140741
0 16 0.527344 0.643056 0.035937 0.173148
0 17 0.629427 0.687500 0.042188 0.165741
0 18 0.817969 0.665741 0.036979 0.162963
0 19 0.754167 0.642130 0.030208 0.150926
0 20 0.782031 0.641204 0.040104 0.167593
0 21 0.851562 0.666667 0.037500 0.168519
0 35 0.257812 0.770370 0.046875 0.220370
0 36 0.296875 0.779630 0.042708 0.201852
0 37 0.285417 0.828241 0.057292 0.221296
0 38 0.166667 0.793981 0.040625 0.210185
0 39 0.144271 0.895833 0.061458 0.208333
0 40 0.452604 0.653241 0.034375 0.167593
0 41 0.775781 0.668519 0.034896 0.185185
0 42 0.619010 0.724537 0.040104 0.204630
0 43 0.655729 0.738889 0.037500 0.185185
0 44 0.474740 0.668981 0.042188 0.156481
0 45 0.792188 0.706944 0.030208 0.117593
0 46 0.780469 0.697222 0.035937 0.153704
0 47 0.823958 0.733333 0.046875 0.211111
0 48 0.863021 0.733333 0.041667 0.201852
0 49 0.939323 0.768519 0.061979 0.212963
0 50 0.805208 0.691204 0.037500 0.178704
0 51 0.975000 0.770833 0.042708 0.199074
0 52 0.620833 0.587963 0.032292 0.131481
0 53 0.592969 0.578704 0.038021 0.146296
0 54 0.460938 0.581944 0.033333 0.149074
0 55 0.518229 0.588426 0.044792 0.156481
0 56 0.560937 0.546296 0.023958 0.103704
0 57 0.536979 0.544907 0.030208 0.126852
0 58 0.506510 0.526852 0.031771 0.120370
0 59 0.453906 0.532407 0.031771 0.118519
0 60 0.415104 0.526852 0.026042 0.120370
0 61 0.538281 0.511574 0.027604 0.115741
0 62 0.513542 0.504630 0.023958 0.112963
0 63 0.493750 0.503704 0.026042 0.129630
0 64 0.476042 0.509259 0.026042 0.120370
0 65 0.427604 0.496759 0.027083 0.115741
0 66 0.493490 0.483333 0.025521 0.107407
0 67 0.426563 0.469907 0.023958 0.100926
0 71 0.534375 0.527778 0.021875 0.107407
0 72 0.471615 0.485185 0.025521 0.124074
0 73 0.767188 0.442593 0.019792 0.074074
0 74 0.775521 0.437500 0.027083 0.082407
