0 2 0.266927 0.612963 0.043229 0.174074
0 3 0.270313 0.639815 0.050000 0.175926
0 7 0.558333 0.641204 0.034375 0.187963
0 8 0.586719 0.641204 0.033854 0.176852
0 9 0.733854 0.520370 0.023958 0.096296
0 10 0.618490 0.642130 0.031771 0.178704
0 15 0.467448 0.640278 0.027604 0.137963
0 16 0.502344 0.624074 0.036979 0.164815
0 17 0.567708 0.668981 0.039583 0.163889
0 18 0.764062 0.642593 0.034375 0.146296
0 19 0.672396 0.626389 0.029167 0.150926
0 20 0.712500 0.621759 0.041667 0.163889
0 21 0.802083 0.642593 0.033333 0.155556
0 27 0.964583 0.740278 0.045833 0.193519
0 31 0.510417 0.971759 0.061458 0.058333
0 35 0.228646 0.792593 0.047917 0.233333
0 36 0.270833 0.800000 0.048958 0.214815
0 37 0.251042 0.858796 0.056250 0.228704
0 38 0.116146 0.804630 0.039583 0.209259
0 39 0.132552 0.879630 0.055729 0.242593
0 40 0.473698 0.662963 0.030729 0.175926
0 41 0.773958 0.676852 0.040625 0.181481
0 42 0.611979 0.721759 0.039583 0.202778
0 43 0.648958 0.728704 0.036458 0.181481
0 44 0.524740 0.679630 0.038021 0.153704
0 45 0.798958 0.717593 0.034375 0.118519
0 46 0.754427 0.716204 0.040104 0.154630
0 47 0.858594 0.751852 0.049479 0.218519
0 48 0.890104 0.750463 0.046875 0.210185
0 50 0.785937 0.703704 0.040625 0.181481
0 52 0.601562 0.572685 0.030208 0.132407
0 53 0.572135 0.559722 0.035937 0.139815
0 54 0.457292 0.565278 0.033333 0.147222
0 55 0.560937 0.591667 0.044792 0.157407
0 56 0.539844 0.528241 0.023438 0.104630
0 57 0.519531 0.523148 0.029687 0.114815
0 58 0.492969 0.515741 0.032813 0.120370
0 59 0.443750 0.516204 0.032292 0.112037
0 60 0.414062 0.515278 0.025000 0.115741
0 61 0.515625 0.497222 0.026042 0.111111
0 62 0.488542 0.491667 0.023958 0.112963
0 63 0.471354 0.490741 0.026042 0.124074
0 64 0.450260 0.495833 0.025521 0.115741
0 65 0.415104 0.482407 0.027083 0.109259
0 66 0.449479 0.475000 0.026042 0.107407
0 71 0.525521 0.518519 0.021875 0.107407
0 72 0.433073 0.472685 0.024479 0.123148
0 73 0.759375 0.440741 0.019792 0.074074
0 74 0.767708 0.435648 0.027083 0.082407
