0 7 0.578646 0.657407 0.033333 0.192593
0 8 0.607552 0.663426 0.035937 0.186111
0 9 0.743490 0.519444 0.023438 0.096296
0 10 0.619271 0.646296 0.032292 0.175926
0 15 0.504167 0.667593 0.027083 0.148148
0 16 0.540104 0.650926 0.035417 0.175926
0 17 0.659635 0.693519 0.040104 0.166667
0 18 0.839063 0.672685 0.038542 0.162037
0 19 0.795312 0.649537 0.030208 0.150926
0 20 0.815625 0.647685 0.039583 0.167593
0 21 0.870833 0.675000 0.037500 0.174074
0 35 0.268750 0.757407 0.045833 0.212963
0 36 0.308073 0.767593 0.042188 0.203704
0 37 0.301042 0.813426 0.053125 0.217593
0 38 0.190104 0.778241 0.043750 0.200926
0 39 0.137760 0.906481 0.060937 0.188889
0 40 0.452083 0.637963 0.034375 0.166667
0 41 0.775000 0.662963 0.034375 0.185185
0 42 0.626302 0.725463 0.040104 0.204630
0 43 0.664323 0.737963 0.041146 0.185185
0 44 0.450781 0.657870 0.041146 0.156481
0 45 0.791406 0.697685 0.029687 0.117593
0 46 0.784635 0.691204 0.035937 0.152778
0 47 0.816667 0.722222 0.045833 0.201852
0 48 0.849479 0.722685 0.045833 0.200926
0 49 0.898958 0.755093 0.051042 0.208333
0 50 0.804948 0.684259 0.038021 0.179630
0 51 0.947396 0.759722 0.050000 0.193519
0 52 0.630469 0.591204 0.031771 0.132407
0 53 0.603646 0.582407 0.038542 0.146296
0 54 0.465104 0.589352 0.034375 0.154630
0 55 0.500521 0.581019 0.044792 0.156481
0 56 0.571615 0.549074 0.025521 0.103704
0 57 0.540885 0.547685 0.029687 0.126852
0 58 0.512760 0.527315 0.031771 0.121296
0 59 0.458594 0.534259 0.031771 0.118519
0 60 0.415885 0.530093 0.025521 0.123148
0 61 0.547917 0.514352 0.028125 0.115741
0 62 0.522396 0.508333 0.023958 0.112963
0 63 0.503906 0.508333 0.025521 0.129630
0 64 0.484375 0.511574 0.026042 0.121296
0 65 0.429167 0.505093 0.028125 0.115741
0 66 0.511458 0.488889 0.026042 0.107407
0 67 0.443229 0.480556 0.023958 0.120370
0 71 0.538542 0.530556 0.021875 0.107407
0 72 0.487760 0.485185 0.025521 0.124074
0 73 0.770833 0.443519 0.019792 0.074074
0 74 0.779167 0.438426 0.027083 0.082407
