0 1 0.244010 0.616667 0.046354 0.179630
0 2 0.304688 0.618056 0.039583 0.178704
0 3 0.323958 0.642130 0.044792 0.169444
0 7 0.539583 0.625926 0.034375 0.187037
0 8 0.574479 0.631481 0.034375 0.181481
0 9 0.734896 0.520370 0.023958 0.096296
0 10 0.609115 0.636574 0.033854 0.178704
0 12 0.690625 0.942593 0.063542 0.116667
0 13 0.621094 0.943981 0.069271 0.113889
0 15 0.461458 0.614352 0.026042 0.123148
0 16 0.496354 0.597222 0.034375 0.161111
0 17 0.495312 0.650463 0.036458 0.162037
0 18 0.700521 0.622222 0.034375 0.146296
0 19 0.588802 0.602315 0.028646 0.137963
0 20 0.638021 0.608333 0.042708 0.162963
0 21 0.731250 0.619907 0.031250 0.149074
0 25 0.880729 0.736111 0.053125 0.201852
0 26 0.904167 0.727315 0.055208 0.195370
0 27 0.882812 0.716204 0.034375 0.187963
0 31 0.541406 0.937963 0.060937 0.125926
0 32 0.922396 0.719907 0.042708 0.187963
0 35 0.189583 0.815741 0.054167 0.240741
0 36 0.235417 0.830093 0.050000 0.226852
0 37 0.196875 0.890278 0.062500 0.221296
0 38 0.103125 0.807870 0.037500 0.210185
0 39 0.109635 0.833796 0.048438 0.237963
0 40 0.512760 0.681019 0.042188 0.186111
0 41 0.751823 0.695833 0.040104 0.189815
0 42 0.607292 0.719907 0.038542 0.202778
0 43 0.630729 0.722222 0.033333 0.179630
0 44 0.597135 0.693056 0.036979 0.162037
0 45 0.782031 0.738426 0.033854 0.128704
0 46 0.733073 0.745370 0.039062 0.159259
0 47 0.947917 0.771759 0.065625 0.219444
0 48 0.971875 0.765741 0.051042 0.209259
0 50 0.762240 0.726389 0.040104 0.193519
0 52 0.576302 0.548148 0.029687 0.116667
0 53 0.548438 0.540278 0.037500 0.132407
0 54 0.448437 0.540278 0.033333 0.134259
0 55 0.633854 0.594444 0.040625 0.162963
0 56 0.524740 0.518519 0.021354 0.103704
0 57 0.498437 0.508333 0.030208 0.107407
0 58 0.465365 0.503241 0.029687 0.121296
0 59 0.428646 0.500000 0.030208 0.112963
0 60 0.407292 0.500926 0.026042 0.112963
0 61 0.479427 0.482407 0.025521 0.109259
0 62 0.452344 0.479630 0.023438 0.112963
0 63 0.434375 0.476389 0.021875 0.123148
0 64 0.419531 0.482407 0.023438 0.114815
0 71 0.506510 0.500926 0.025521 0.105556
0 73 0.751563 0.437963 0.019792 0.074074
0 74 0.758333 0.432870 0.027083 0.082407
