0 1 0.255469 0.619444 0.046354 0.179630
0 2 0.313542 0.620370 0.039583 0.187037
0 3 0.342969 0.644444 0.038021 0.168519
0 7 0.537240 0.625000 0.034896 0.187037
0 8 0.569792 0.625926 0.032292 0.179630
0 9 0.740625 0.515741 0.023958 0.096296
0 10 0.607031 0.636574 0.035937 0.178704
0 12 0.696875 0.931944 0.063542 0.137963
0 13 0.628906 0.929630 0.071354 0.140741
0 15 0.460938 0.609722 0.026042 0.117593
0 16 0.491406 0.587963 0.033854 0.159259
0 17 0.485417 0.640741 0.036458 0.161111
0 18 0.678646 0.614815 0.034375 0.146296
0 19 0.566146 0.595370 0.027083 0.137037
0 20 0.615104 0.600926 0.042708 0.162963
0 21 0.707031 0.613426 0.031771 0.149074
0 25 0.852083 0.728241 0.037500 0.204630
0 26 0.879427 0.716667 0.050521 0.194444
0 27 0.861458 0.706019 0.034375 0.187963
0 31 0.554427 0.926389 0.060937 0.149074
0 32 0.901302 0.712500 0.042188 0.187963
0 35 0.178385 0.826389 0.054688 0.239815
0 36 0.226562 0.835648 0.052083 0.225000
0 37 0.178646 0.894907 0.062500 0.212037
0 38 0.101042 0.806944 0.037500 0.210185
0 39 0.108073 0.829630 0.041146 0.238889
0 40 0.532552 0.686574 0.040104 0.187963
0 41 0.748177 0.700000 0.044271 0.190741
0 42 0.615625 0.718056 0.042708 0.200926
0 43 0.634896 0.720370 0.036458 0.179630
0 44 0.625521 0.698611 0.036458 0.162037
0 45 0.775521 0.743056 0.034375 0.128704
0 46 0.744531 0.750000 0.046354 0.168519
0 50 0.773438 0.732407 0.040625 0.196296
0 52 0.570312 0.538889 0.030208 0.109259
0 53 0.540625 0.532407 0.036458 0.125926
0 54 0.442188 0.534259 0.030208 0.135185
0 55 0.657292 0.592130 0.040625 0.162037
0 56 0.519792 0.512963 0.019792 0.100000
0 57 0.490625 0.503704 0.030208 0.107407
0 58 0.457813 0.497685 0.029167 0.121296
0 59 0.425521 0.495370 0.030208 0.112963
0 60 0.404948 0.494444 0.025521 0.112963
0 61 0.465104 0.476389 0.025000 0.110185
0 62 0.435937 0.474074 0.023958 0.112963
0 63 0.422917 0.470833 0.021875 0.123148
0 64 0.407552 0.475926 0.023438 0.112963
0 71 0.500000 0.494907 0.025000 0.104630
0 73 0.751042 0.436111 0.019792 0.074074
0 74 0.754687 0.431944 0.027083 0.082407
