0 7 0.570312 0.648611 0.034375 0.187963
0 8 0.605208 0.655093 0.034375 0.182407
0 9 0.740365 0.520370 0.023438 0.096296
0 10 0.625000 0.645833 0.032292 0.178704
0 15 0.493229 0.657407 0.028125 0.140741
0 16 0.526302 0.642593 0.035937 0.172222
0 17 0.626563 0.687500 0.041667 0.165741
0 18 0.816406 0.665278 0.036979 0.162037
0 19 0.751302 0.642130 0.029687 0.150926
0 20 0.779687 0.640741 0.039583 0.166667
0 21 0.850000 0.665741 0.037500 0.168519
0 35 0.256771 0.771759 0.046875 0.221296
0 36 0.296354 0.780093 0.042708 0.202778
0 37 0.284375 0.829167 0.057292 0.221296
0 38 0.165104 0.795833 0.040625 0.210185
0 39 0.144271 0.894907 0.062500 0.210185
0 40 0.452865 0.653241 0.033854 0.167593
0 41 0.775260 0.669444 0.034896 0.185185
0 42 0.618750 0.724537 0.039583 0.204630
0 43 0.655729 0.738889 0.037500 0.185185
0 44 0.476042 0.668981 0.041667 0.156481
0 45 0.792188 0.707870 0.030208 0.117593
0 46 0.779948 0.697685 0.035937 0.154630
0 47 0.824479 0.733796 0.046875 0.212037
0 48 0.863542 0.734259 0.041667 0.201852
0 49 0.943750 0.768519 0.063542 0.212963
0 50 0.804688 0.692130 0.037500 0.178704
0 51 0.977865 0.771759 0.038021 0.200926
0 52 0.620313 0.587963 0.032292 0.131481
0 53 0.592448 0.577778 0.038021 0.146296
0 54 0.460417 0.581944 0.033333 0.149074
0 55 0.519271 0.589352 0.044792 0.156481
0 56 0.559896 0.545833 0.023958 0.104630
0 57 0.536458 0.544907 0.030208 0.126852
0 58 0.506510 0.526852 0.031771 0.120370
0 59 0.453385 0.531481 0.031771 0.118519
0 60 0.415104 0.526852 0.026042 0.120370
0 61 0.537760 0.511574 0.027604 0.115741
0 62 0.513021 0.503704 0.023958 0.112963
0 63 0.493229 0.503704 0.026042 0.129630
0 64 0.475521 0.509259 0.026042 0.120370
0 65 0.427604 0.496759 0.027083 0.115741
0 66 0.491927 0.482407 0.025521 0.107407
0 67 0.425000 0.468981 0.023958 0.099074
0 71 0.534115 0.526852 0.021354 0.107407
0 72 0.470573 0.485185 0.025521 0.124074
0 73 0.766927 0.442593 0.019271 0.074074
0 74 0.775000 0.437500 0.027083 0.082407
