0 7 0.580208 0.659722 0.033333 0.193519
0 8 0.607812 0.667593 0.036458 0.187037
0 9 0.744271 0.518519 0.023958 0.096296
0 10 0.616667 0.646296 0.032292 0.175926
0 15 0.507031 0.669907 0.027604 0.150926
0 16 0.544792 0.652778 0.035417 0.177778
0 17 0.667448 0.695833 0.039062 0.167593
0 18 0.845313 0.675000 0.038542 0.162963
0 19 0.808333 0.653241 0.030208 0.150926
0 20 0.825521 0.649537 0.039583 0.167593
0 21 0.876042 0.677315 0.037500 0.175000
0 35 0.271354 0.753704 0.045833 0.211111
0 36 0.310156 0.764815 0.042188 0.203704
0 37 0.304167 0.806944 0.053125 0.208333
0 38 0.192708 0.774537 0.043750 0.197222
0 39 0.134375 0.909722 0.060417 0.180556
0 40 0.451302 0.634259 0.033854 0.164815
0 41 0.773438 0.662037 0.034375 0.185185
0 42 0.629427 0.726389 0.040104 0.204630
0 43 0.667448 0.737500 0.042188 0.184259
0 44 0.443490 0.654630 0.040104 0.153704
0 45 0.791406 0.695833 0.029687 0.117593
0 46 0.784375 0.688889 0.035417 0.151852
0 47 0.818750 0.718519 0.045833 0.201852
0 48 0.845573 0.718519 0.046354 0.201852
0 49 0.886458 0.750926 0.054167 0.209259
0 50 0.804948 0.682407 0.038021 0.179630
0 51 0.934896 0.753704 0.043750 0.190741
0 52 0.633073 0.591204 0.031771 0.132407
0 53 0.607812 0.584259 0.038542 0.146296
0 54 0.466146 0.592130 0.034375 0.158333
0 55 0.494792 0.579167 0.044792 0.156481
0 56 0.574740 0.550000 0.025521 0.103704
0 57 0.541927 0.548611 0.029687 0.126852
0 58 0.514323 0.528241 0.031771 0.123148
0 59 0.459635 0.534259 0.031771 0.118519
0 60 0.416406 0.531481 0.025521 0.124074
0 61 0.552083 0.514352 0.028125 0.115741
0 62 0.525000 0.509259 0.023958 0.112963
0 63 0.505990 0.509259 0.025521 0.129630
0 64 0.486458 0.511574 0.026042 0.121296
0 65 0.429688 0.505093 0.028125 0.115741
0 66 0.515365 0.488889 0.026562 0.107407
0 67 0.446875 0.482407 0.023958 0.120370
0 68 0.417708 0.466204 0.019792 0.099074
0 71 0.540104 0.532407 0.021875 0.107407
0 72 0.491927 0.486111 0.025521 0.124074
0 73 0.771354 0.443519 0.019792 0.074074
0 74 0.780208 0.439352 0.027083 0.082407
