0 1 0.226042 0.607407 0.045833 0.179630
0 2 0.283073 0.613426 0.045312 0.173148
0 3 0.297135 0.633796 0.046354 0.173148
0 7 0.546354 0.639815 0.034375 0.187037
0 8 0.578906 0.635648 0.033854 0.176852
0 9 0.730729 0.521296 0.023958 0.096296
0 10 0.613802 0.638426 0.031771 0.178704
0 12 0.689583 0.965741 0.058333 0.070370
0 13 0.614583 0.962963 0.063542 0.075926
0 15 0.465365 0.629630 0.026562 0.137037
0 16 0.497135 0.612037 0.034896 0.162963
0 17 0.534635 0.659722 0.036979 0.160185
0 18 0.736979 0.633333 0.034375 0.146296
0 19 0.638021 0.614815 0.030208 0.138889
0 20 0.678906 0.613889 0.042188 0.162963
0 21 0.771875 0.631019 0.031250 0.149074
0 25 0.934896 0.744907 0.058333 0.204630
0 26 0.967187 0.745370 0.057292 0.196296
0 27 0.926302 0.729630 0.039062 0.187037
0 31 0.519271 0.954630 0.061458 0.092593
0 35 0.209375 0.802315 0.050000 0.237963
0 36 0.259375 0.810648 0.047917 0.217593
0 37 0.229427 0.874537 0.058854 0.230556
0 38 0.106510 0.812500 0.038021 0.210185
0 39 0.123177 0.856944 0.048438 0.243519
0 40 0.485677 0.668519 0.038021 0.177778
0 41 0.770052 0.679630 0.040104 0.181481
0 42 0.607292 0.720833 0.039583 0.202778
0 43 0.636198 0.725463 0.032813 0.178704
0 44 0.553646 0.689352 0.045833 0.160185
0 45 0.791146 0.721296 0.034375 0.118519
0 46 0.736979 0.726389 0.040625 0.154630
0 47 0.891146 0.759722 0.062500 0.219444
0 48 0.915365 0.754167 0.053646 0.210185
0 50 0.771354 0.714815 0.039583 0.187037
0 52 0.590104 0.566204 0.029167 0.132407
0 53 0.562240 0.551389 0.033854 0.139815
0 54 0.453906 0.554167 0.033854 0.143519
0 55 0.590885 0.589815 0.043229 0.159259
0 56 0.534375 0.524074 0.021875 0.103704
0 57 0.511979 0.515741 0.030208 0.107407
0 58 0.479687 0.508796 0.030208 0.121296
0 59 0.436458 0.510185 0.030208 0.112963
0 60 0.410417 0.509722 0.025000 0.115741
0 61 0.500781 0.489352 0.025521 0.110185
0 62 0.475000 0.486111 0.023958 0.112963
0 63 0.455729 0.483796 0.026042 0.123148
0 64 0.439063 0.489815 0.023958 0.114815
0 65 0.401042 0.479630 0.023958 0.109259
0 66 0.426302 0.470370 0.025521 0.107407
0 71 0.517708 0.515741 0.021875 0.107407
0 72 0.407552 0.471759 0.023438 0.123148
0 73 0.755729 0.439815 0.019792 0.074074
0 74 0.763542 0.433796 0.027083 0.082407
