0 7 0.579167 0.662500 0.033333 0.195370
0 8 0.604688 0.671759 0.037500 0.189815
0 9 0.745313 0.518519 0.023958 0.096296
0 10 0.613542 0.646296 0.032292 0.174074
0 15 0.510938 0.673148 0.027083 0.153704
0 16 0.552604 0.656481 0.035417 0.179630
0 17 0.678125 0.699537 0.039583 0.169444
0 18 0.850521 0.678241 0.038542 0.165741
0 19 0.825000 0.657870 0.030208 0.150926
0 20 0.834375 0.647685 0.039583 0.167593
0 21 0.881771 0.680556 0.037500 0.175926
0 35 0.274219 0.750463 0.045312 0.210185
0 36 0.312760 0.761574 0.042188 0.204630
0 37 0.307812 0.800926 0.052083 0.203704
0 38 0.196354 0.771296 0.043750 0.192593
0 39 0.130469 0.912500 0.063021 0.175000
0 40 0.450260 0.630093 0.033854 0.162037
0 41 0.771354 0.660185 0.034375 0.185185
0 42 0.633594 0.726389 0.040104 0.204630
0 43 0.671615 0.736574 0.044271 0.184259
0 44 0.434635 0.652315 0.040104 0.149074
0 45 0.791406 0.693056 0.029687 0.117593
0 46 0.783854 0.686111 0.035417 0.150000
0 47 0.821354 0.713426 0.045833 0.200926
0 48 0.843490 0.713889 0.044271 0.201852
0 49 0.873437 0.745833 0.057292 0.208333
0 50 0.805729 0.678704 0.037500 0.179630
0 51 0.921615 0.748611 0.044271 0.189815
0 52 0.636719 0.592130 0.031771 0.132407
0 53 0.612500 0.586111 0.038542 0.148148
0 54 0.469271 0.595833 0.034375 0.160185
0 55 0.485938 0.577315 0.044792 0.156481
0 56 0.577865 0.553704 0.026562 0.103704
0 57 0.543229 0.551389 0.030208 0.126852
0 58 0.516406 0.529630 0.031771 0.125926
0 59 0.460156 0.535185 0.031771 0.118519
0 60 0.416927 0.533333 0.025521 0.125926
0 61 0.554688 0.515278 0.028125 0.115741
0 62 0.527865 0.510648 0.023438 0.113889
0 63 0.508594 0.510185 0.025521 0.129630
0 64 0.488542 0.512500 0.026042 0.121296
0 65 0.430729 0.505093 0.028125 0.115741
0 66 0.520052 0.488889 0.027604 0.107407
0 67 0.451042 0.484259 0.025000 0.120370
0 68 0.425781 0.465278 0.020313 0.099074
0 71 0.541667 0.533333 0.021875 0.107407
0 72 0.496615 0.487037 0.025521 0.124074
0 73 0.771875 0.443519 0.019792 0.074074
0 74 0.781771 0.439352 0.027083 0.082407
