0 1 0.253906 0.619444 0.046354 0.179630
0 2 0.311979 0.619907 0.039583 0.184259
0 3 0.340104 0.643981 0.038542 0.167593
0 7 0.537760 0.625463 0.034896 0.187963
0 8 0.570573 0.626852 0.032813 0.179630
0 9 0.739583 0.516667 0.023958 0.096296
0 10 0.607292 0.636574 0.035417 0.178704
0 12 0.696875 0.934259 0.063542 0.133333
0 13 0.627083 0.931944 0.070833 0.136111
0 15 0.460938 0.611574 0.026042 0.117593
0 16 0.492448 0.589815 0.033854 0.159259
0 17 0.486458 0.642593 0.036458 0.161111
0 18 0.682292 0.615741 0.034375 0.146296
0 19 0.569792 0.596296 0.027083 0.137037
0 20 0.618229 0.602778 0.042708 0.162963
0 21 0.711198 0.614352 0.031771 0.149074
0 25 0.855729 0.731019 0.037500 0.206481
0 26 0.887760 0.719444 0.053646 0.194444
0 27 0.865104 0.708796 0.034375 0.187963
0 31 0.553385 0.928241 0.060937 0.145370
0 32 0.904687 0.714352 0.042708 0.187963
0 35 0.180469 0.825000 0.054688 0.240741
0 36 0.228906 0.832870 0.050521 0.221296
0 37 0.181771 0.893981 0.062500 0.213889
0 38 0.101562 0.807870 0.037500 0.210185
0 39 0.108594 0.829630 0.042188 0.238889
0 40 0.529427 0.685648 0.041146 0.187963
0 41 0.748437 0.699537 0.043750 0.189815
0 42 0.614323 0.717593 0.042188 0.201852
0 43 0.633854 0.721296 0.036458 0.179630
0 44 0.620833 0.697685 0.036458 0.162037
0 45 0.776042 0.742130 0.034375 0.128704
0 46 0.741927 0.749537 0.043229 0.169444
0 47 0.981771 0.770370 0.034375 0.224074
0 50 0.770573 0.731481 0.040104 0.196296
0 52 0.571094 0.540278 0.029687 0.110185
0 53 0.542188 0.534259 0.037500 0.125926
0 54 0.443229 0.535185 0.030208 0.135185
0 55 0.653125 0.592593 0.040625 0.162963
0 56 0.520573 0.513889 0.020313 0.100000
0 57 0.491667 0.504630 0.030208 0.107407
0 58 0.458854 0.499537 0.029167 0.121296
0 59 0.426042 0.496296 0.030208 0.112963
0 60 0.405729 0.496296 0.026042 0.112963
0 61 0.466927 0.477778 0.025521 0.109259
0 62 0.438281 0.475000 0.023438 0.112963
0 63 0.426042 0.471759 0.021875 0.123148
0 64 0.409635 0.476852 0.023438 0.112963
0 71 0.500521 0.495833 0.025000 0.104630
0 73 0.751042 0.436111 0.019792 0.074074
0 74 0.755208 0.431944 0.027083 0.082407
