0 7 0.579688 0.658796 0.033333 0.193519
0 8 0.607552 0.665278 0.035937 0.186111
0 9 0.743750 0.518519 0.023958 0.096296
0 10 0.618229 0.646296 0.032292 0.175926
0 15 0.505729 0.668519 0.027083 0.150000
0 16 0.542188 0.652315 0.035417 0.176852
0 17 0.663542 0.694907 0.039583 0.167593
0 18 0.842187 0.674074 0.038542 0.162963
0 19 0.801562 0.651389 0.030208 0.150926
0 20 0.820312 0.648611 0.039583 0.167593
0 21 0.873437 0.675926 0.037500 0.174074
0 35 0.270313 0.756019 0.045833 0.212037
0 36 0.309115 0.765741 0.042188 0.203704
0 37 0.302604 0.810185 0.053125 0.212963
0 38 0.191146 0.776389 0.043750 0.199074
0 39 0.135937 0.909259 0.059375 0.183333
0 40 0.451562 0.636574 0.034375 0.165741
0 41 0.774219 0.662037 0.033854 0.185185
0 42 0.627865 0.726389 0.040104 0.204630
0 43 0.665885 0.737500 0.042188 0.184259
0 44 0.447396 0.656019 0.040625 0.156481
0 45 0.791406 0.696759 0.029687 0.117593
0 46 0.784375 0.690278 0.035417 0.152778
0 47 0.817708 0.720370 0.045833 0.201852
0 48 0.847135 0.720833 0.046354 0.200926
0 49 0.892448 0.752778 0.052604 0.209259
0 50 0.804948 0.683333 0.038021 0.179630
0 51 0.941146 0.756481 0.046875 0.192593
0 52 0.631771 0.591204 0.032292 0.132407
0 53 0.605729 0.583333 0.038542 0.146296
0 54 0.465625 0.590278 0.034375 0.156481
0 55 0.497917 0.580093 0.044792 0.156481
0 56 0.573177 0.550000 0.025521 0.103704
0 57 0.541406 0.548611 0.029687 0.126852
0 58 0.513542 0.527778 0.032292 0.122222
0 59 0.459115 0.534259 0.031771 0.118519
0 60 0.416146 0.530556 0.026042 0.124074
0 61 0.550000 0.514352 0.028125 0.115741
0 62 0.523698 0.508333 0.023438 0.112963
0 63 0.504948 0.509259 0.025521 0.129630
0 64 0.485417 0.511574 0.026042 0.121296
0 65 0.429167 0.505093 0.028125 0.115741
0 66 0.513281 0.488889 0.026562 0.107407
0 67 0.445312 0.481481 0.023958 0.120370
0 71 0.539583 0.531481 0.021875 0.107407
0 72 0.489844 0.485185 0.025521 0.124074
0 73 0.771354 0.443519 0.019792 0.074074
0 74 0.779687 0.438426 0.027083 0.082407
