0 2 0.271354 0.612963 0.043750 0.174074
0 3 0.276042 0.641204 0.048958 0.176852
0 7 0.555208 0.640741 0.034375 0.187037
0 8 0.584115 0.639352 0.033854 0.176852
0 9 0.733073 0.520370 0.023438 0.096296
0 10 0.617448 0.642130 0.031771 0.178704
0 13 0.609896 0.974074 0.058333 0.053704
0 15 0.467448 0.637963 0.027604 0.137037
0 16 0.501042 0.620370 0.036458 0.164815
0 17 0.558594 0.665741 0.039062 0.162963
0 18 0.756771 0.639815 0.034375 0.146296
0 19 0.661979 0.625463 0.029167 0.150926
0 20 0.702865 0.618981 0.042188 0.163889
0 21 0.794010 0.637963 0.031771 0.150000
0 25 0.964583 0.751389 0.057292 0.204630
0 27 0.953125 0.740278 0.052083 0.191667
0 31 0.512500 0.967130 0.061458 0.067593
0 35 0.223438 0.795370 0.047917 0.235185
0 36 0.268750 0.803704 0.048958 0.222222
0 37 0.246094 0.862963 0.056771 0.229630
0 38 0.113021 0.805556 0.039583 0.209259
0 39 0.129167 0.872685 0.053125 0.243519
0 40 0.476823 0.664352 0.032813 0.176852
0 41 0.773698 0.675926 0.040104 0.179630
0 42 0.610417 0.719907 0.039583 0.202778
0 43 0.644010 0.727315 0.034896 0.180556
0 44 0.532031 0.681481 0.039062 0.155556
0 45 0.796875 0.717593 0.034375 0.118519
0 46 0.749479 0.718981 0.040625 0.154630
0 47 0.866667 0.753704 0.054167 0.218519
0 48 0.894531 0.750463 0.050521 0.210185
0 50 0.781771 0.707407 0.040625 0.183333
0 52 0.598698 0.569907 0.029687 0.132407
0 53 0.569531 0.557870 0.034896 0.139815
0 54 0.457031 0.561574 0.033854 0.145370
0 55 0.568490 0.589815 0.044271 0.157407
0 56 0.538021 0.526389 0.022917 0.104630
0 57 0.517708 0.520833 0.030208 0.112037
0 58 0.489844 0.513426 0.032813 0.121296
0 59 0.441406 0.514352 0.031771 0.112037
0 60 0.413021 0.513426 0.025000 0.115741
0 61 0.512240 0.493981 0.025521 0.110185
0 62 0.484896 0.491667 0.023958 0.112963
0 63 0.466667 0.488889 0.026042 0.124074
0 64 0.447656 0.493981 0.024479 0.115741
0 65 0.411198 0.481481 0.026562 0.109259
0 66 0.443229 0.473148 0.026042 0.107407
0 71 0.523438 0.517593 0.021875 0.107407
0 72 0.426563 0.472685 0.023958 0.123148
0 73 0.758333 0.439815 0.019792 0.074074
0 74 0.766667 0.434722 0.027083 0.082407
