0 7 0.576823 0.655093 0.033854 0.191667
0 8 0.607292 0.660648 0.035417 0.184259
0 9 0.742969 0.519444 0.023438 0.096296
0 10 0.621354 0.646296 0.032292 0.175926
0 15 0.502083 0.665741 0.027083 0.146296
0 16 0.537240 0.649074 0.035937 0.175926
0 17 0.653646 0.692593 0.040625 0.166667
0 18 0.834375 0.670833 0.038542 0.162037
0 19 0.786458 0.647685 0.030208 0.150926
0 20 0.808333 0.646759 0.039583 0.167593
0 21 0.866667 0.673148 0.037500 0.172222
0 35 0.266667 0.760185 0.045833 0.214815
0 36 0.305990 0.769907 0.042188 0.202778
0 37 0.298177 0.818056 0.053646 0.221296
0 38 0.183854 0.780093 0.043750 0.200926
0 39 0.140625 0.902315 0.062500 0.197222
0 40 0.452604 0.641204 0.034375 0.167593
0 41 0.776042 0.663889 0.034375 0.185185
0 42 0.624219 0.725463 0.040104 0.204630
0 43 0.661719 0.738889 0.040104 0.185185
0 44 0.456250 0.660648 0.041667 0.156481
0 45 0.791406 0.700463 0.029687 0.117593
0 46 0.784635 0.693519 0.035937 0.153704
0 47 0.817187 0.725000 0.045833 0.203704
0 48 0.853125 0.725463 0.044792 0.200926
0 49 0.909115 0.760185 0.058854 0.212963
0 50 0.804948 0.685648 0.038021 0.178704
0 51 0.951823 0.760648 0.049479 0.193519
0 52 0.628385 0.590741 0.031771 0.131481
0 53 0.600521 0.581481 0.038542 0.146296
0 54 0.464062 0.587037 0.034375 0.151852
0 55 0.504687 0.582870 0.044792 0.156481
0 56 0.569010 0.549074 0.025521 0.103704
0 57 0.540625 0.546759 0.030208 0.126852
0 58 0.511719 0.526852 0.031771 0.120370
0 59 0.457552 0.534259 0.031771 0.118519
0 60 0.415625 0.528704 0.026042 0.122222
0 61 0.544792 0.514352 0.028125 0.115741
0 62 0.520573 0.507407 0.023438 0.112963
0 63 0.502604 0.508333 0.026042 0.129630
0 64 0.482812 0.510648 0.026042 0.121296
0 65 0.428646 0.505093 0.028125 0.115741
0 66 0.507292 0.487037 0.026042 0.107407
0 67 0.441146 0.479630 0.023958 0.120370
0 71 0.538021 0.530556 0.021875 0.107407
0 72 0.484635 0.485185 0.025521 0.124074
0 73 0.770833 0.444444 0.019792 0.074074
0 74 0.778646 0.438426 0.027083 0.082407
