0 7 0.579688 0.661111 0.033333 0.194444
0 8 0.608073 0.669907 0.036979 0.187963
0 9 0.744792 0.518519 0.023958 0.096296
0 10 0.615625 0.646759 0.032292 0.175000
0 15 0.508333 0.671296 0.027083 0.151852
0 16 0.547917 0.654167 0.035417 0.178704
0 17 0.671354 0.696759 0.038542 0.167593
0 18 0.848437 0.676852 0.038542 0.162963
0 19 0.815104 0.655093 0.030208 0.150926
0 20 0.829167 0.648611 0.039583 0.167593
0 21 0.878125 0.678241 0.037500 0.175000
0 35 0.272656 0.752315 0.045312 0.210185
0 36 0.311198 0.763426 0.042188 0.204630
0 37 0.305990 0.803704 0.052604 0.203704
0 38 0.194271 0.773611 0.043750 0.195370
0 39 0.132812 0.910648 0.061458 0.178704
0 40 0.450781 0.632870 0.033854 0.163889
0 41 0.772656 0.661111 0.033854 0.185185
0 42 0.630990 0.726389 0.040104 0.204630
0 43 0.669010 0.736574 0.043229 0.184259
0 44 0.439844 0.653704 0.040104 0.151852
0 45 0.791406 0.694907 0.029687 0.117593
0 46 0.784115 0.687500 0.035937 0.150926
0 47 0.819792 0.716204 0.045833 0.200926
0 48 0.844792 0.716667 0.045833 0.201852
0 49 0.880469 0.749074 0.055729 0.209259
0 50 0.804948 0.680556 0.038021 0.179630
0 51 0.928906 0.751389 0.040104 0.189815
0 52 0.634635 0.591204 0.031771 0.132407
0 53 0.609896 0.584259 0.038542 0.146296
0 54 0.467187 0.593981 0.034375 0.160185
0 55 0.492188 0.578241 0.044792 0.156481
0 56 0.576042 0.550926 0.026042 0.103704
0 57 0.542448 0.549537 0.029687 0.126852
0 58 0.515104 0.528704 0.032292 0.124074
0 59 0.460156 0.534259 0.031771 0.118519
0 60 0.416667 0.531944 0.026042 0.125000
0 61 0.553646 0.515278 0.028125 0.115741
0 62 0.526302 0.509259 0.023438 0.112963
0 63 0.507031 0.509259 0.025521 0.129630
0 64 0.486979 0.512500 0.026042 0.121296
0 65 0.430208 0.505093 0.028125 0.115741
0 66 0.517188 0.488889 0.027083 0.107407
0 67 0.448437 0.483333 0.023958 0.120370
0 68 0.420833 0.466204 0.019792 0.099074
0 71 0.540625 0.532407 0.021875 0.107407
0 72 0.494010 0.486111 0.025521 0.124074
0 73 0.771615 0.443519 0.019271 0.074074
0 74 0.780729 0.439352 0.027083 0.082407
