0 3 0.258073 0.634722 0.050521 0.169444
0 7 0.564063 0.643056 0.034375 0.187963
0 8 0.593229 0.645833 0.034375 0.178704
0 9 0.736458 0.520370 0.023958 0.096296
0 10 0.621354 0.643981 0.032292 0.178704
0 15 0.471354 0.645833 0.028125 0.137963
0 16 0.507552 0.633333 0.036979 0.168519
0 17 0.591667 0.677315 0.039583 0.165741
0 18 0.784115 0.651389 0.033854 0.152778
0 19 0.698438 0.632870 0.029167 0.150926
0 20 0.736458 0.628704 0.040625 0.164815
0 21 0.821875 0.653241 0.037500 0.167593
0 35 0.239323 0.786111 0.048438 0.229630
0 36 0.279167 0.790278 0.046875 0.204630
0 37 0.264583 0.848611 0.056250 0.223148
0 38 0.130208 0.806481 0.039583 0.209259
0 39 0.141667 0.881019 0.057292 0.237963
0 40 0.464583 0.660185 0.031250 0.170370
0 41 0.773698 0.676389 0.039062 0.184259
0 42 0.614583 0.723148 0.039583 0.203704
0 43 0.654687 0.732870 0.037500 0.184259
0 44 0.506771 0.678704 0.042708 0.153704
0 45 0.794531 0.717130 0.030729 0.117593
0 46 0.767448 0.711574 0.040104 0.154630
0 47 0.842187 0.743056 0.048958 0.215741
0 48 0.878906 0.745370 0.042188 0.207407
0 49 0.986198 0.782407 0.027604 0.196296
0 50 0.794792 0.699537 0.039583 0.178704
0 52 0.608333 0.578704 0.031250 0.131481
0 53 0.578646 0.566667 0.037500 0.140741
0 54 0.458854 0.572685 0.033333 0.149074
0 55 0.542708 0.594444 0.044792 0.157407
0 56 0.546615 0.535648 0.023438 0.104630
0 57 0.524740 0.534722 0.029687 0.126852
0 58 0.498437 0.521296 0.031250 0.120370
0 59 0.446354 0.523148 0.032292 0.116667
0 60 0.414062 0.520833 0.025000 0.115741
0 61 0.523698 0.506019 0.027604 0.115741
0 62 0.497917 0.494444 0.023958 0.112963
0 63 0.478385 0.496759 0.025521 0.128704
0 64 0.458594 0.500463 0.025521 0.115741
0 65 0.420312 0.488889 0.027083 0.118519
0 66 0.466146 0.477778 0.026042 0.107407
0 71 0.528646 0.522222 0.021875 0.107407
0 72 0.447396 0.478241 0.026042 0.123148
0 73 0.761719 0.440741 0.019271 0.074074
0 74 0.770312 0.436574 0.027083 0.082407
