0 3 0.254167 0.631019 0.050000 0.165741
0 7 0.565625 0.643981 0.034375 0.187963
0 8 0.595833 0.647685 0.034375 0.180556
0 9 0.737240 0.520370 0.023438 0.096296
0 10 0.622396 0.644444 0.032292 0.179630
0 15 0.476823 0.648611 0.027604 0.137963
0 16 0.511979 0.634722 0.036458 0.169444
0 17 0.598698 0.680093 0.040104 0.165741
0 18 0.792448 0.656019 0.033854 0.156481
0 19 0.710156 0.634722 0.029687 0.150926
0 20 0.746094 0.631019 0.041146 0.165741
0 21 0.828646 0.656944 0.037500 0.167593
0 35 0.243229 0.783333 0.048958 0.227778
0 36 0.284115 0.787037 0.044271 0.203704
0 37 0.270313 0.844444 0.056250 0.222222
0 38 0.136979 0.806019 0.039583 0.210185
0 39 0.141146 0.885185 0.054167 0.229630
0 40 0.460677 0.658796 0.031771 0.167593
0 41 0.773177 0.675463 0.038021 0.184259
0 42 0.615625 0.723148 0.039583 0.203704
0 43 0.655208 0.734259 0.037500 0.185185
0 44 0.499479 0.676389 0.041667 0.154630
0 45 0.792969 0.715278 0.029687 0.117593
0 46 0.770052 0.707870 0.039062 0.154630
0 47 0.835938 0.739352 0.048958 0.213889
0 48 0.873958 0.742130 0.041667 0.204630
0 49 0.978646 0.776389 0.040625 0.200926
0 50 0.797917 0.698148 0.038542 0.179630
0 52 0.610677 0.580556 0.031771 0.131481
0 53 0.582292 0.569444 0.037500 0.142593
0 54 0.459375 0.575463 0.033333 0.149074
0 55 0.535417 0.595370 0.044792 0.157407
0 56 0.549740 0.538426 0.023438 0.104630
0 57 0.527865 0.538426 0.029687 0.126852
0 58 0.500260 0.523148 0.031771 0.120370
0 59 0.447656 0.525926 0.031771 0.118519
0 60 0.414062 0.523611 0.025000 0.115741
0 61 0.526823 0.506944 0.027604 0.115741
0 62 0.501563 0.497222 0.023958 0.112963
0 63 0.481250 0.499074 0.025000 0.129630
0 64 0.462240 0.502315 0.025521 0.115741
0 65 0.422396 0.490741 0.027083 0.122222
0 66 0.473438 0.478704 0.026042 0.107407
0 71 0.529948 0.523148 0.021354 0.107407
0 72 0.452865 0.480093 0.025521 0.123148
0 73 0.762760 0.440741 0.019271 0.074074
0 74 0.771354 0.436574 0.027083 0.082407
