0 7 0.580729 0.659722 0.033333 0.193519
0 8 0.607812 0.666667 0.036458 0.187037
0 9 0.744271 0.518519 0.023958 0.096296
0 10 0.617188 0.646296 0.032292 0.175926
0 15 0.506250 0.669444 0.027083 0.150000
0 16 0.543229 0.652315 0.035417 0.176852
0 17 0.665365 0.695370 0.039062 0.166667
0 18 0.843750 0.674537 0.038542 0.162037
0 19 0.804688 0.652315 0.030208 0.150926
0 20 0.822917 0.648611 0.039583 0.167593
0 21 0.874479 0.676852 0.037500 0.174074
0 35 0.270833 0.754630 0.045833 0.211111
0 36 0.309635 0.765278 0.042188 0.204630
0 37 0.303385 0.808333 0.052604 0.211111
0 38 0.192188 0.775926 0.043750 0.198148
0 39 0.135156 0.909259 0.059896 0.181481
0 40 0.451562 0.635648 0.034375 0.165741
0 41 0.773698 0.662037 0.033854 0.185185
0 42 0.628906 0.726389 0.040104 0.204630
0 43 0.666406 0.737500 0.042188 0.184259
0 44 0.445312 0.655093 0.040625 0.154630
0 45 0.791406 0.695833 0.029687 0.117593
0 46 0.784375 0.689815 0.035417 0.151852
0 47 0.818229 0.719444 0.045833 0.201852
0 48 0.846354 0.719907 0.046875 0.200926
0 49 0.889583 0.751852 0.053125 0.209259
0 50 0.804948 0.682407 0.038021 0.179630
0 51 0.938021 0.755093 0.044792 0.191667
0 52 0.632552 0.591204 0.031771 0.132407
0 53 0.606771 0.583333 0.038542 0.146296
0 54 0.466146 0.591667 0.034375 0.157407
0 55 0.496354 0.580093 0.044792 0.156481
0 56 0.573698 0.550000 0.025521 0.103704
0 57 0.541406 0.548611 0.029687 0.126852
0 58 0.514062 0.528241 0.032292 0.123148
0 59 0.459115 0.534259 0.031771 0.118519
0 60 0.416406 0.531481 0.025521 0.124074
0 61 0.551042 0.514352 0.028125 0.115741
0 62 0.524479 0.509259 0.023958 0.112963
0 63 0.505469 0.509259 0.025521 0.129630
0 64 0.485938 0.511574 0.026042 0.121296
0 65 0.429688 0.505093 0.028125 0.115741
0 66 0.514323 0.488889 0.026562 0.107407
0 67 0.445833 0.482407 0.023958 0.120370
0 68 0.416146 0.467130 0.019792 0.099074
0 71 0.539583 0.531481 0.021875 0.107407
0 72 0.490885 0.485185 0.025521 0.124074
0 73 0.771354 0.443519 0.019792 0.074074
0 74 0.780208 0.439352 0.027083 0.082407
