0 1 0.247135 0.619444 0.046354 0.179630
0 2 0.307292 0.618981 0.039583 0.178704
0 3 0.328646 0.643519 0.044792 0.168519
0 7 0.539062 0.625926 0.034375 0.187037
0 8 0.573438 0.630093 0.034375 0.180556
0 9 0.735938 0.518519 0.023958 0.096296
0 10 0.608594 0.636574 0.033854 0.178704
0 12 0.692708 0.940278 0.063542 0.121296
0 13 0.622396 0.942130 0.069792 0.117593
0 15 0.461458 0.612963 0.026042 0.118519
0 16 0.495833 0.595370 0.034375 0.161111
0 17 0.492708 0.647685 0.036458 0.162037
0 18 0.695312 0.620370 0.034375 0.146296
0 19 0.582552 0.600463 0.028646 0.137963
0 20 0.631771 0.607407 0.042708 0.162963
0 21 0.725260 0.618056 0.031771 0.149074
0 25 0.873177 0.734259 0.048438 0.203704
0 26 0.894531 0.724537 0.054688 0.195370
0 27 0.877604 0.715278 0.034375 0.187963
0 31 0.545052 0.935185 0.060937 0.131481
0 32 0.917188 0.718519 0.042708 0.187037
0 35 0.186979 0.818981 0.054167 0.241667
0 36 0.233333 0.830556 0.050000 0.225926
0 37 0.192188 0.891667 0.062500 0.218519
0 38 0.102604 0.807870 0.037500 0.210185
0 39 0.109115 0.832870 0.046354 0.237963
0 40 0.517708 0.682870 0.042708 0.187963
0 41 0.750000 0.696759 0.040625 0.189815
0 42 0.609375 0.718981 0.039583 0.202778
0 43 0.631510 0.722222 0.034896 0.179630
0 44 0.604167 0.694907 0.036458 0.162037
0 45 0.779948 0.739352 0.033854 0.128704
0 46 0.735156 0.747222 0.040104 0.162963
0 47 0.955990 0.772222 0.067187 0.218519
0 50 0.761979 0.727778 0.040625 0.196296
0 52 0.574479 0.545370 0.029167 0.114815
0 53 0.546615 0.538426 0.038021 0.130556
0 54 0.446875 0.538889 0.032292 0.135185
0 55 0.639583 0.593519 0.040625 0.162963
0 56 0.523438 0.517130 0.020833 0.102778
0 57 0.496354 0.507407 0.030208 0.107407
0 58 0.463281 0.502315 0.029687 0.121296
0 59 0.427083 0.499074 0.030208 0.112963
0 60 0.407031 0.500000 0.025521 0.112963
0 61 0.475260 0.481481 0.025521 0.109259
0 62 0.448177 0.477778 0.023438 0.112963
0 63 0.431771 0.474537 0.021875 0.123148
0 64 0.416667 0.481019 0.022917 0.113889
0 71 0.504687 0.499074 0.025000 0.105556
0 73 0.751563 0.437037 0.019792 0.074074
0 74 0.757292 0.432870 0.027083 0.082407
