0 2 0.269010 0.612963 0.043229 0.174074
0 3 0.272917 0.640741 0.050000 0.177778
0 7 0.556771 0.641204 0.034375 0.187963
0 8 0.585677 0.640278 0.033854 0.176852
0 9 0.733333 0.520370 0.023958 0.096296
0 10 0.617969 0.642130 0.031771 0.178704
0 13 0.610417 0.977315 0.046875 0.047222
0 15 0.467448 0.638889 0.027604 0.137037
0 16 0.501823 0.622222 0.036979 0.164815
0 17 0.563021 0.667593 0.039583 0.162963
0 18 0.760417 0.640741 0.034375 0.146296
0 19 0.667188 0.625463 0.029167 0.150926
0 20 0.707812 0.620370 0.041667 0.162963
0 21 0.797917 0.640278 0.032292 0.152778
0 27 0.958854 0.740278 0.048958 0.193519
0 31 0.511458 0.969444 0.061458 0.062963
0 35 0.226042 0.793981 0.047917 0.234259
0 36 0.269792 0.801852 0.048958 0.218519
0 37 0.248438 0.860648 0.056250 0.228704
0 38 0.114323 0.804630 0.040104 0.209259
0 39 0.130729 0.875926 0.054167 0.242593
0 40 0.475260 0.663889 0.031771 0.175926
0 41 0.773698 0.676389 0.040104 0.180556
0 42 0.610938 0.720833 0.039583 0.202778
0 43 0.646354 0.728241 0.035417 0.180556
0 44 0.528385 0.680093 0.038021 0.154630
0 45 0.797917 0.717593 0.034375 0.118519
0 46 0.751823 0.717130 0.040104 0.154630
0 47 0.862760 0.752778 0.051562 0.218519
0 48 0.892188 0.750463 0.048958 0.210185
0 50 0.783854 0.705093 0.040625 0.182407
0 52 0.600260 0.570833 0.029687 0.132407
0 53 0.570833 0.558796 0.035417 0.139815
0 54 0.457292 0.563426 0.033333 0.147222
0 55 0.564583 0.590741 0.044792 0.157407
0 56 0.538802 0.527315 0.023438 0.104630
0 57 0.518750 0.521296 0.030208 0.112963
0 58 0.491667 0.514352 0.033333 0.121296
0 59 0.442448 0.515278 0.031771 0.112037
0 60 0.413542 0.514352 0.025000 0.115741
0 61 0.514062 0.495370 0.026042 0.111111
0 62 0.486458 0.491667 0.023958 0.112963
0 63 0.468750 0.489815 0.026042 0.124074
0 64 0.448958 0.494907 0.025000 0.115741
0 65 0.413021 0.481481 0.027083 0.109259
0 66 0.446354 0.474074 0.026042 0.107407
0 71 0.524479 0.518519 0.021875 0.107407
0 72 0.429948 0.472685 0.024479 0.123148
0 73 0.758854 0.439815 0.019792 0.074074
0 74 0.767188 0.435648 0.027083 0.082407
