0 1 0.230729 0.607407 0.045833 0.179630
0 2 0.290625 0.614815 0.042708 0.175926
0 3 0.303385 0.636574 0.045312 0.173148
0 7 0.543229 0.637037 0.034375 0.187037
0 8 0.577604 0.634722 0.034375 0.178704
0 9 0.731771 0.520370 0.023958 0.096296
0 10 0.611719 0.636574 0.031771 0.178704
0 12 0.690104 0.960648 0.060417 0.080556
0 13 0.616146 0.954630 0.066667 0.092593
0 15 0.463281 0.625000 0.025521 0.137037
0 16 0.495052 0.607870 0.034896 0.162037
0 17 0.520312 0.657407 0.036458 0.161111
0 18 0.726042 0.629630 0.034375 0.146296
0 19 0.621875 0.611574 0.030208 0.137963
0 20 0.666667 0.612037 0.042708 0.162963
0 21 0.759635 0.628241 0.031771 0.149074
0 25 0.917448 0.738889 0.056771 0.196296
0 26 0.948438 0.739815 0.057292 0.196296
0 27 0.910937 0.725463 0.036458 0.187963
0 31 0.525521 0.950000 0.061458 0.101852
0 32 0.962500 0.724537 0.041667 0.189815
0 35 0.202865 0.805093 0.052604 0.237963
0 36 0.251042 0.816204 0.047917 0.223148
0 37 0.219010 0.881019 0.060937 0.230556
0 38 0.105729 0.809722 0.037500 0.210185
0 39 0.119531 0.847685 0.049479 0.241667
0 40 0.491927 0.672222 0.040104 0.179630
0 41 0.766406 0.686111 0.040104 0.187037
0 42 0.606771 0.721296 0.039583 0.203704
0 43 0.633594 0.724537 0.031771 0.178704
0 44 0.568229 0.690278 0.042708 0.160185
0 45 0.788021 0.725926 0.034375 0.118519
0 46 0.731250 0.731944 0.039583 0.156481
0 47 0.908854 0.764352 0.062500 0.221296
0 48 0.933594 0.759722 0.053646 0.210185
0 50 0.766667 0.718519 0.039583 0.187037
0 52 0.585417 0.563426 0.029167 0.130556
0 53 0.557813 0.548611 0.036458 0.139815
0 54 0.451562 0.552315 0.033333 0.143519
0 55 0.604688 0.592593 0.041667 0.161111
0 56 0.530729 0.524074 0.022917 0.103704
0 57 0.507292 0.512963 0.030208 0.107407
0 58 0.475000 0.506944 0.030208 0.121296
0 59 0.434115 0.507407 0.029687 0.112963
0 60 0.409115 0.507407 0.025521 0.114815
0 61 0.495052 0.487037 0.025521 0.109259
0 62 0.469271 0.484259 0.023958 0.112963
0 63 0.451042 0.480093 0.026042 0.123148
0 64 0.433073 0.488426 0.023438 0.115741
0 66 0.417187 0.470370 0.026042 0.107407
0 71 0.514323 0.511111 0.023438 0.107407
0 72 0.396094 0.469907 0.023438 0.123148
0 73 0.754167 0.438889 0.019792 0.074074
0 74 0.761979 0.433796 0.027083 0.082407
