0 1 0.225000 0.607407 0.045833 0.179630
0 2 0.281771 0.613426 0.045833 0.173148
0 3 0.296354 0.633796 0.046875 0.173148
0 7 0.547396 0.639815 0.034375 0.187037
0 8 0.578906 0.635648 0.033854 0.176852
0 9 0.730729 0.520370 0.023958 0.096296
0 10 0.614323 0.639352 0.031771 0.178704
0 12 0.689063 0.966667 0.056250 0.068519
0 13 0.614323 0.964352 0.063021 0.073148
0 15 0.465625 0.630556 0.027083 0.137037
0 16 0.497396 0.612963 0.035417 0.162963
0 17 0.536979 0.660185 0.037500 0.161111
0 18 0.738542 0.634259 0.034375 0.146296
0 19 0.640104 0.615741 0.030208 0.140741
0 20 0.680990 0.613889 0.042188 0.162963
0 21 0.773698 0.631944 0.031771 0.149074
0 25 0.937500 0.744907 0.058333 0.204630
0 27 0.929167 0.730093 0.039583 0.187963
0 31 0.518229 0.955556 0.061458 0.090741
0 35 0.210677 0.802315 0.049479 0.237963
0 36 0.260417 0.810185 0.047917 0.218519
0 37 0.231250 0.873148 0.058333 0.231481
0 38 0.107031 0.813426 0.038021 0.210185
0 39 0.123698 0.858796 0.048438 0.243519
0 40 0.484635 0.668056 0.038021 0.176852
0 41 0.770573 0.678241 0.040104 0.180556
0 42 0.607292 0.720370 0.039583 0.203704
0 43 0.636719 0.725463 0.032813 0.178704
0 44 0.551302 0.688426 0.045312 0.160185
0 45 0.791667 0.720370 0.034375 0.118519
0 46 0.738542 0.726389 0.040625 0.154630
0 47 0.888542 0.758796 0.062500 0.219444
0 48 0.911719 0.753241 0.054688 0.210185
0 50 0.772135 0.713889 0.040104 0.187037
0 52 0.590625 0.567130 0.029167 0.132407
0 53 0.563021 0.552315 0.033333 0.139815
0 54 0.454167 0.555093 0.033333 0.143519
0 55 0.588542 0.589352 0.043750 0.158333
0 56 0.534896 0.524074 0.021875 0.103704
0 57 0.512500 0.516667 0.030208 0.107407
0 58 0.480469 0.508796 0.030729 0.121296
0 59 0.436719 0.510185 0.029687 0.112963
0 60 0.410417 0.510648 0.025000 0.115741
0 61 0.501823 0.489352 0.025521 0.110185
0 62 0.476042 0.487037 0.023958 0.112963
0 63 0.456771 0.484722 0.026042 0.123148
0 64 0.440104 0.489815 0.023958 0.114815
0 65 0.401823 0.479630 0.024479 0.109259
0 66 0.427865 0.470370 0.025521 0.107407
0 71 0.518229 0.515741 0.021875 0.107407
0 72 0.409635 0.471759 0.023438 0.123148
0 73 0.755729 0.439815 0.019792 0.074074
0 74 0.764062 0.434722 0.027083 0.082407
