0 1 0.235937 0.610185 0.045833 0.179630
0 2 0.299219 0.615741 0.040104 0.177778
0 3 0.313021 0.639815 0.044792 0.172222
0 7 0.541667 0.631481 0.034375 0.187037
0 8 0.576042 0.633333 0.034375 0.181481
0 9 0.733333 0.520370 0.023958 0.096296
0 10 0.610417 0.636574 0.032292 0.178704
0 12 0.689844 0.952778 0.060937 0.094444
0 13 0.618490 0.949074 0.068229 0.103704
0 15 0.461719 0.619444 0.025521 0.133333
0 16 0.494010 0.602778 0.033854 0.161111
0 17 0.502083 0.656019 0.036458 0.162037
0 18 0.713542 0.625926 0.034375 0.146296
0 19 0.603646 0.606944 0.029167 0.137963
0 20 0.652604 0.610185 0.042708 0.162963
0 21 0.745313 0.623611 0.031250 0.149074
0 25 0.895573 0.737500 0.054688 0.199074
0 26 0.927083 0.733333 0.057292 0.196296
0 27 0.894792 0.718981 0.034375 0.187963
0 31 0.532813 0.944444 0.061458 0.112963
0 32 0.940885 0.723148 0.042188 0.188889
0 35 0.195312 0.809259 0.054167 0.238889
0 36 0.242188 0.823611 0.048958 0.226852
0 37 0.207292 0.887037 0.062500 0.227778
0 38 0.104167 0.808796 0.037500 0.210185
0 39 0.114062 0.837500 0.051042 0.237963
0 40 0.500521 0.676389 0.041667 0.182407
0 41 0.760156 0.691667 0.040104 0.190741
0 42 0.605990 0.721296 0.038021 0.203704
0 43 0.630990 0.722685 0.031771 0.178704
0 44 0.583854 0.692130 0.039583 0.160185
0 45 0.785156 0.733333 0.033854 0.125926
0 46 0.730469 0.739815 0.039062 0.157407
0 47 0.928906 0.769907 0.063021 0.223148
0 48 0.955990 0.763889 0.052604 0.209259
0 50 0.763021 0.722222 0.039583 0.188889
0 52 0.580990 0.555093 0.029687 0.123148
0 53 0.552865 0.544444 0.038021 0.137037
0 54 0.450781 0.545370 0.033854 0.137037
0 55 0.620313 0.595370 0.040625 0.162963
0 56 0.527083 0.524074 0.023958 0.103704
0 57 0.502604 0.510185 0.030208 0.107407
0 58 0.469792 0.506019 0.030208 0.121296
0 59 0.432031 0.503704 0.029687 0.112963
0 60 0.408073 0.503241 0.025521 0.113889
0 61 0.489323 0.485185 0.025521 0.109259
0 62 0.461979 0.482407 0.023958 0.112963
0 63 0.442188 0.479167 0.022917 0.123148
0 64 0.426563 0.486574 0.022917 0.115741
0 66 0.405469 0.465741 0.025521 0.107407
0 71 0.511198 0.505556 0.025521 0.107407
0 73 0.752083 0.438889 0.019792 0.074074
0 74 0.759896 0.432870 0.027083 0.082407
