0 2 0.274219 0.612963 0.044271 0.174074
0 3 0.281771 0.639352 0.046875 0.173148
0 7 0.552604 0.640278 0.034375 0.187963
0 8 0.582292 0.637963 0.034375 0.175926
0 9 0.732292 0.520370 0.023958 0.096296
0 10 0.616406 0.641204 0.031771 0.178704
0 12 0.685677 0.975000 0.041146 0.051852
0 13 0.611198 0.971296 0.059896 0.059259
0 15 0.467448 0.636111 0.027604 0.137037
0 16 0.500000 0.618056 0.036458 0.163889
0 17 0.552083 0.664352 0.038542 0.162037
0 18 0.751563 0.637963 0.034375 0.146296
0 19 0.655208 0.622222 0.029167 0.148148
0 20 0.695573 0.616667 0.042188 0.162963
0 21 0.788021 0.635648 0.031250 0.149074
0 25 0.956510 0.749537 0.057813 0.204630
0 27 0.946615 0.737037 0.048438 0.188889
0 31 0.513542 0.963426 0.061458 0.075000
0 35 0.219271 0.797685 0.047917 0.236111
0 36 0.266146 0.805556 0.048958 0.222222
0 37 0.242448 0.866204 0.056771 0.230556
0 38 0.111198 0.807870 0.039062 0.210185
0 39 0.126823 0.868056 0.050521 0.243519
0 40 0.478906 0.665278 0.034896 0.176852
0 41 0.773438 0.675000 0.039583 0.177778
0 42 0.608854 0.718981 0.039583 0.202778
0 43 0.640365 0.726852 0.033854 0.179630
0 44 0.537760 0.683796 0.041146 0.156481
0 45 0.795312 0.717593 0.034375 0.118519
0 46 0.746354 0.721759 0.040625 0.154630
0 47 0.872656 0.754630 0.056771 0.218519
0 48 0.897656 0.750463 0.053646 0.210185
0 50 0.778646 0.709259 0.040625 0.185185
0 52 0.596354 0.568056 0.029167 0.132407
0 53 0.567708 0.556019 0.034375 0.139815
0 54 0.457031 0.558333 0.033854 0.144444
0 55 0.574219 0.588889 0.044271 0.157407
0 56 0.537240 0.525463 0.022396 0.104630
0 57 0.516146 0.519907 0.030208 0.110185
0 58 0.486979 0.512500 0.032292 0.121296
0 59 0.439844 0.512963 0.030729 0.112963
0 60 0.412500 0.512500 0.025000 0.115741
0 61 0.509115 0.493056 0.025521 0.110185
0 62 0.482292 0.489815 0.023958 0.112963
0 63 0.463021 0.487500 0.026042 0.123148
0 64 0.445573 0.492593 0.024479 0.114815
0 65 0.408333 0.480556 0.026042 0.109259
0 66 0.438802 0.472222 0.025521 0.107407
0 71 0.521875 0.517593 0.021875 0.107407
0 72 0.421875 0.472685 0.023958 0.123148
0 73 0.757552 0.439815 0.019271 0.074074
0 74 0.765625 0.434722 0.027083 0.082407
