0 1 0.240365 0.613889 0.046354 0.179630
0 2 0.302604 0.617130 0.039583 0.178704
0 3 0.319271 0.641204 0.044792 0.169444
0 7 0.540625 0.627778 0.034375 0.187037
0 8 0.575000 0.632407 0.034375 0.181481
0 9 0.733854 0.520370 0.023958 0.096296
0 10 0.609635 0.636574 0.032813 0.178704
0 12 0.690104 0.947222 0.062500 0.107407
0 13 0.619792 0.946296 0.068750 0.109259
0 15 0.461719 0.616667 0.025521 0.127778
0 16 0.495312 0.600000 0.034375 0.161111
0 17 0.497917 0.652315 0.036458 0.162037
0 18 0.706250 0.623148 0.034375 0.146296
0 19 0.595313 0.604167 0.029167 0.137963
0 20 0.644271 0.609259 0.042708 0.162963
0 21 0.737240 0.621759 0.031771 0.149074
0 25 0.886458 0.737037 0.056250 0.200000
0 26 0.914062 0.729630 0.056250 0.196296
0 27 0.887500 0.717130 0.034375 0.187963
0 31 0.537760 0.940741 0.060937 0.120370
0 32 0.928646 0.721296 0.042708 0.187037
0 35 0.192188 0.813426 0.054167 0.239815
0 36 0.238281 0.827315 0.049479 0.226852
0 37 0.201563 0.888889 0.062500 0.224074
0 38 0.103646 0.808796 0.037500 0.210185
0 39 0.111458 0.835648 0.050000 0.237963
0 40 0.507552 0.679167 0.042188 0.184259
0 41 0.755469 0.693981 0.040104 0.189815
0 42 0.605729 0.721296 0.037500 0.203704
0 43 0.629948 0.722222 0.031771 0.179630
0 44 0.591406 0.692593 0.038021 0.161111
0 45 0.784115 0.737963 0.033854 0.129630
0 46 0.731510 0.743519 0.039062 0.157407
0 47 0.939583 0.770833 0.064583 0.221296
0 48 0.971354 0.765741 0.047917 0.209259
0 50 0.762760 0.724537 0.040104 0.191667
0 52 0.578906 0.550926 0.029687 0.118519
0 53 0.550260 0.542130 0.038021 0.134259
0 54 0.450521 0.542130 0.034375 0.134259
0 55 0.628125 0.595370 0.040625 0.162963
0 56 0.525781 0.521296 0.022396 0.103704
0 57 0.500000 0.509259 0.030208 0.107407
0 58 0.467187 0.504167 0.030208 0.121296
0 59 0.430208 0.501852 0.030208 0.112963
0 60 0.407552 0.501852 0.025521 0.112963
0 61 0.483594 0.483333 0.025521 0.109259
0 62 0.456771 0.480556 0.023958 0.112963
0 63 0.437240 0.478241 0.021354 0.123148
0 64 0.422396 0.484259 0.022917 0.114815
0 66 0.398958 0.462963 0.025000 0.107407
0 71 0.508333 0.502778 0.025000 0.107407
0 73 0.751563 0.437963 0.019792 0.074074
0 74 0.758854 0.432870 0.027083 0.082407
