0 1 0.254948 0.619444 0.046354 0.179630
0 2 0.313021 0.620370 0.039583 0.185185
0 3 0.341406 0.643981 0.038021 0.167593
0 7 0.537760 0.625000 0.034896 0.187037
0 8 0.570312 0.626389 0.032292 0.180556
0 9 0.740104 0.515741 0.023958 0.096296
0 10 0.607292 0.636574 0.035417 0.178704
0 12 0.696875 0.933333 0.063542 0.135185
0 13 0.627865 0.930556 0.071354 0.138889
0 15 0.460938 0.611574 0.026042 0.117593
0 16 0.491927 0.588889 0.033854 0.159259
0 17 0.485938 0.641667 0.036458 0.161111
0 18 0.680729 0.615741 0.034375 0.146296
0 19 0.567969 0.595370 0.027604 0.137037
0 20 0.616667 0.601852 0.042708 0.162963
0 21 0.709115 0.613426 0.031771 0.149074
0 25 0.853646 0.729630 0.037500 0.205556
0 26 0.883333 0.717593 0.052083 0.194444
0 27 0.863542 0.706944 0.034375 0.187963
0 31 0.553906 0.927315 0.060937 0.147222
0 32 0.903125 0.713426 0.042708 0.187963
0 35 0.179427 0.825463 0.054688 0.239815
0 36 0.227604 0.833796 0.051042 0.223148
0 37 0.180208 0.894444 0.062500 0.212963
0 38 0.101562 0.807870 0.037500 0.210185
0 39 0.108333 0.829630 0.041667 0.238889
0 40 0.531250 0.686574 0.040625 0.187963
0 41 0.748437 0.700000 0.043750 0.190741
0 42 0.614844 0.717593 0.042188 0.201852
0 43 0.634375 0.720370 0.036458 0.179630
0 44 0.622917 0.698611 0.036458 0.162037
0 45 0.776042 0.743056 0.034375 0.128704
0 46 0.743229 0.749537 0.044792 0.169444
0 50 0.771875 0.731481 0.040625 0.196296
0 52 0.570833 0.539352 0.030208 0.110185
0 53 0.541406 0.533333 0.036979 0.125926
0 54 0.442708 0.534259 0.030208 0.135185
0 55 0.655208 0.592593 0.040625 0.162963
0 56 0.520052 0.513426 0.020313 0.099074
0 57 0.491146 0.503704 0.030208 0.107407
0 58 0.458333 0.498611 0.029167 0.121296
0 59 0.426042 0.495370 0.030208 0.112963
0 60 0.405208 0.495370 0.026042 0.112963
0 61 0.466146 0.477315 0.025000 0.110185
0 62 0.437240 0.474074 0.023438 0.112963
0 63 0.424479 0.470833 0.021875 0.123148
0 64 0.409115 0.476852 0.023438 0.112963
0 71 0.500521 0.495833 0.025000 0.104630
0 73 0.751042 0.436111 0.019792 0.074074
0 74 0.755208 0.431944 0.027083 0.082407
