0 7 0.580208 0.660185 0.033333 0.194444
0 8 0.607812 0.668519 0.036458 0.187037
0 9 0.744271 0.518519 0.023958 0.096296
0 10 0.616146 0.646296 0.032292 0.175926
0 15 0.507812 0.670370 0.027083 0.151852
0 16 0.546354 0.653704 0.035417 0.177778
0 17 0.669271 0.696296 0.038542 0.166667
0 18 0.846875 0.675926 0.038542 0.162963
0 19 0.811458 0.654167 0.030208 0.150926
0 20 0.827083 0.648611 0.039583 0.167593
0 21 0.877083 0.678241 0.037500 0.175000
0 35 0.272396 0.753241 0.045833 0.210185
0 36 0.310677 0.763889 0.042188 0.203704
0 37 0.304948 0.805093 0.052604 0.206481
0 38 0.193229 0.774074 0.043750 0.196296
0 39 0.133594 0.910185 0.060937 0.179630
0 40 0.451042 0.633796 0.034375 0.163889
0 41 0.772917 0.661111 0.034375 0.185185
0 42 0.630469 0.726389 0.040104 0.204630
0 43 0.668229 0.737037 0.042708 0.185185
0 44 0.441667 0.654167 0.040625 0.152778
0 45 0.791406 0.694907 0.029687 0.117593
0 46 0.784115 0.688426 0.035937 0.150926
0 47 0.819271 0.717593 0.045833 0.201852
0 48 0.845313 0.717593 0.045833 0.201852
0 49 0.883594 0.750000 0.054688 0.209259
0 50 0.804948 0.681481 0.038021 0.179630
0 51 0.931771 0.752315 0.041667 0.189815
0 52 0.633854 0.591204 0.032292 0.132407
0 53 0.608854 0.584259 0.038542 0.146296
0 54 0.466667 0.592593 0.034375 0.159259
0 55 0.493750 0.579167 0.044792 0.156481
0 56 0.575781 0.550926 0.025521 0.103704
0 57 0.541927 0.549537 0.029687 0.126852
0 58 0.514844 0.528704 0.031771 0.124074
0 59 0.459635 0.534259 0.031771 0.118519
0 60 0.416406 0.531944 0.025521 0.125000
0 61 0.553646 0.515278 0.028125 0.115741
0 62 0.525781 0.509259 0.023438 0.112963
0 63 0.506510 0.509259 0.025521 0.129630
0 64 0.486979 0.511574 0.026042 0.121296
0 65 0.429688 0.505093 0.028125 0.115741
0 66 0.516146 0.488889 0.027083 0.107407
0 67 0.447396 0.483333 0.023958 0.120370
0 68 0.419271 0.466204 0.019792 0.099074
0 71 0.540104 0.532407 0.021875 0.107407
0 72 0.492969 0.486111 0.025521 0.124074
0 73 0.771354 0.443519 0.019792 0.074074
0 74 0.780729 0.439352 0.027083 0.082407
