0 3 0.252604 0.631019 0.050000 0.165741
0 7 0.565625 0.643981 0.034375 0.187963
0 8 0.596615 0.648148 0.033854 0.179630
0 9 0.737500 0.520370 0.023958 0.096296
0 10 0.622656 0.644444 0.031771 0.179630
0 15 0.478385 0.649537 0.027604 0.137963
0 16 0.513281 0.635648 0.036979 0.169444
0 17 0.600260 0.681019 0.040104 0.165741
0 18 0.794531 0.657407 0.033854 0.157407
0 19 0.713021 0.635648 0.029167 0.150926
0 20 0.748437 0.631944 0.040625 0.165741
0 21 0.830208 0.656944 0.037500 0.167593
0 35 0.244271 0.782870 0.048958 0.226852
0 36 0.285417 0.786111 0.043750 0.203704
0 37 0.271875 0.843519 0.056250 0.222222
0 38 0.138542 0.806019 0.039583 0.210185
0 39 0.141406 0.887037 0.053646 0.227778
0 40 0.459896 0.658796 0.032292 0.167593
0 41 0.772917 0.675000 0.037500 0.185185
0 42 0.616146 0.723148 0.039583 0.203704
0 43 0.655208 0.734259 0.037500 0.185185
0 44 0.497396 0.675926 0.041667 0.155556
0 45 0.792969 0.715278 0.029687 0.117593
0 46 0.771094 0.706944 0.039062 0.154630
0 47 0.834375 0.738426 0.048958 0.213889
0 48 0.872917 0.741204 0.041667 0.204630
0 49 0.977083 0.775463 0.041667 0.204630
0 50 0.798958 0.697685 0.038542 0.178704
0 52 0.611198 0.581481 0.031771 0.131481
0 53 0.582812 0.570833 0.037500 0.143519
0 54 0.459896 0.576389 0.033333 0.149074
0 55 0.533854 0.595370 0.044792 0.157407
0 56 0.550521 0.539352 0.022917 0.104630
0 57 0.528646 0.539352 0.030208 0.126852
0 58 0.500781 0.523148 0.031771 0.120370
0 59 0.447656 0.525926 0.031771 0.118519
0 60 0.414062 0.523611 0.025000 0.115741
0 61 0.527865 0.507870 0.027604 0.115741
0 62 0.502604 0.497222 0.023958 0.112963
0 63 0.482292 0.499074 0.025000 0.129630
0 64 0.462760 0.502315 0.025521 0.115741
0 65 0.423438 0.492130 0.027083 0.123148
0 66 0.474479 0.478704 0.026042 0.107407
0 71 0.529948 0.524074 0.021354 0.107407
0 72 0.454167 0.481019 0.026042 0.123148
0 73 0.763281 0.441667 0.019271 0.074074
0 74 0.771875 0.436574 0.027083 0.082407
