0 7 0.574740 0.653241 0.033854 0.189815
0 8 0.607031 0.657407 0.034896 0.183333
0 9 0.742448 0.519444 0.023438 0.096296
0 10 0.623437 0.646296 0.032292 0.175926
0 15 0.499740 0.663889 0.027604 0.144444
0 16 0.534635 0.647685 0.035937 0.175000
0 17 0.647917 0.690741 0.041667 0.166667
0 18 0.829688 0.668981 0.038542 0.162037
0 19 0.777604 0.646759 0.030208 0.150926
0 20 0.801042 0.645833 0.039583 0.167593
0 21 0.862500 0.671296 0.037500 0.170370
0 35 0.264583 0.763426 0.045833 0.215741
0 36 0.303385 0.772685 0.042188 0.202778
0 37 0.294531 0.820833 0.054688 0.221296
0 38 0.177604 0.782870 0.043750 0.200926
0 39 0.142969 0.899074 0.064062 0.201852
0 40 0.452604 0.643981 0.034375 0.167593
0 41 0.777344 0.664815 0.033854 0.185185
0 42 0.621615 0.725463 0.040104 0.204630
0 43 0.659635 0.739352 0.039062 0.184259
0 44 0.461719 0.663426 0.042188 0.156481
0 45 0.791667 0.702315 0.030208 0.117593
0 46 0.784635 0.694907 0.035937 0.154630
0 47 0.819010 0.727778 0.046354 0.205556
0 48 0.856250 0.728241 0.043750 0.200926
0 49 0.914844 0.761111 0.054688 0.214815
0 50 0.805208 0.687037 0.037500 0.179630
0 51 0.956250 0.762500 0.048958 0.193519
0 52 0.626302 0.590741 0.031771 0.131481
0 53 0.597396 0.580556 0.038542 0.146296
0 54 0.463281 0.584722 0.033854 0.149074
0 55 0.508854 0.583796 0.044792 0.156481
0 56 0.566927 0.548148 0.025521 0.103704
0 57 0.540625 0.546759 0.030208 0.126852
0 58 0.510156 0.526852 0.031771 0.120370
0 59 0.457031 0.534259 0.031771 0.118519
0 60 0.415104 0.527315 0.026042 0.121296
0 61 0.542448 0.513426 0.027604 0.115741
0 62 0.518750 0.507407 0.023958 0.112963
0 63 0.500000 0.506481 0.026042 0.129630
0 64 0.480729 0.510185 0.026042 0.120370
0 65 0.428125 0.503241 0.028125 0.115741
0 66 0.503646 0.486111 0.026042 0.107407
0 67 0.436979 0.476852 0.023958 0.114815
0 71 0.536979 0.529630 0.021875 0.107407
0 72 0.480990 0.485185 0.025521 0.124074
0 73 0.769792 0.443519 0.019792 0.074074
0 74 0.777604 0.438426 0.027083 0.082407
