0 3 0.259896 0.636574 0.051042 0.173148
0 7 0.563542 0.642130 0.034375 0.187963
0 8 0.592187 0.644907 0.034375 0.178704
0 9 0.735938 0.520370 0.023958 0.096296
0 10 0.620573 0.643519 0.031771 0.179630
0 15 0.468490 0.644907 0.027604 0.137963
0 16 0.505990 0.631019 0.036979 0.167593
0 17 0.587500 0.675926 0.039583 0.164815
0 18 0.779948 0.649537 0.033854 0.150926
0 19 0.693229 0.631019 0.029167 0.150926
0 20 0.731510 0.626852 0.041146 0.164815
0 21 0.817969 0.651852 0.036979 0.166667
0 35 0.237240 0.787037 0.048438 0.229630
0 36 0.276562 0.792130 0.047917 0.204630
0 37 0.261458 0.850463 0.056250 0.225000
0 38 0.127083 0.806481 0.039583 0.209259
0 39 0.139583 0.880556 0.057292 0.238889
0 40 0.466406 0.660648 0.030729 0.171296
0 41 0.773958 0.677315 0.039583 0.184259
0 42 0.614062 0.723148 0.039583 0.203704
0 43 0.654427 0.732407 0.038021 0.183333
0 44 0.510156 0.679630 0.042188 0.153704
0 45 0.796094 0.717130 0.031771 0.117593
0 46 0.764844 0.712500 0.040104 0.154630
0 47 0.845573 0.744907 0.048438 0.215741
0 48 0.881250 0.747685 0.041667 0.208333
0 50 0.792969 0.700000 0.040104 0.179630
0 52 0.607031 0.577315 0.030729 0.132407
0 53 0.577083 0.564815 0.037500 0.140741
0 54 0.458333 0.571759 0.033333 0.149074
0 55 0.545833 0.593519 0.044792 0.157407
0 56 0.545573 0.533796 0.023438 0.104630
0 57 0.523698 0.532870 0.029687 0.126852
0 58 0.497656 0.520370 0.031771 0.120370
0 59 0.445833 0.521759 0.032292 0.115741
0 60 0.414062 0.519907 0.025000 0.115741
0 61 0.521875 0.503704 0.027083 0.114815
0 62 0.496354 0.493519 0.023958 0.112963
0 63 0.476823 0.495370 0.025521 0.127778
0 64 0.457031 0.499537 0.025521 0.115741
0 65 0.419271 0.487037 0.027083 0.116667
0 66 0.463021 0.476852 0.026042 0.107407
0 71 0.527865 0.521296 0.021354 0.107407
0 72 0.444531 0.477315 0.025521 0.123148
0 73 0.761198 0.440741 0.019271 0.074074
0 74 0.769792 0.435648 0.027083 0.082407
