0 1 0.249219 0.619444 0.046354 0.179630
0 2 0.308854 0.619907 0.039583 0.178704
0 3 0.331771 0.643981 0.044792 0.167593
0 7 0.538802 0.625926 0.034896 0.187037
0 8 0.572656 0.629167 0.033854 0.180556
0 9 0.736979 0.518519 0.023958 0.096296
0 10 0.608333 0.636574 0.034375 0.178704
0 12 0.694271 0.938889 0.063542 0.124074
0 13 0.623698 0.938889 0.070312 0.122222
0 15 0.460938 0.612037 0.026042 0.118519
0 16 0.494792 0.593981 0.034375 0.160185
0 17 0.490625 0.645833 0.036458 0.162037
0 18 0.691667 0.618519 0.034375 0.146296
0 19 0.578646 0.599537 0.028125 0.137963
0 20 0.627604 0.607407 0.042708 0.162963
0 21 0.721094 0.617130 0.031771 0.149074
0 25 0.867969 0.733333 0.045312 0.203704
0 26 0.890625 0.723611 0.054167 0.195370
0 27 0.873958 0.713426 0.034375 0.187963
0 31 0.547656 0.933333 0.060937 0.135185
0 32 0.913542 0.717593 0.042708 0.187037
0 35 0.184896 0.820833 0.054167 0.241667
0 36 0.232031 0.831481 0.050521 0.224074
0 37 0.189583 0.892130 0.062500 0.217593
0 38 0.102604 0.807870 0.037500 0.210185
0 39 0.109115 0.831944 0.045312 0.237963
0 40 0.521094 0.683796 0.042188 0.187963
0 41 0.749479 0.697685 0.041667 0.189815
0 42 0.610677 0.718519 0.040104 0.201852
0 43 0.632031 0.722222 0.035937 0.179630
0 44 0.608854 0.695833 0.036458 0.162037
0 45 0.778646 0.740278 0.034375 0.128704
0 46 0.736719 0.747685 0.040104 0.165741
0 47 0.962500 0.772685 0.062500 0.219444
0 50 0.763021 0.728704 0.040625 0.196296
0 52 0.573438 0.543981 0.029167 0.113889
0 53 0.545312 0.537500 0.037500 0.128704
0 54 0.445833 0.537963 0.031250 0.135185
0 55 0.643229 0.593519 0.040625 0.162963
0 56 0.522656 0.516204 0.020313 0.102778
0 57 0.494792 0.506481 0.030208 0.107407
0 58 0.462240 0.501389 0.029687 0.121296
0 59 0.427083 0.498148 0.030208 0.112963
0 60 0.406771 0.499074 0.026042 0.112963
0 61 0.472396 0.481481 0.026042 0.109259
0 62 0.445052 0.476852 0.023438 0.112963
0 63 0.430208 0.473611 0.021875 0.123148
0 64 0.414844 0.480093 0.023438 0.113889
0 71 0.503125 0.498148 0.025000 0.105556
0 73 0.751302 0.437037 0.019271 0.074074
0 74 0.756771 0.431944 0.027083 0.082407
