0 2 0.270052 0.612963 0.043229 0.174074
0 3 0.274479 0.642130 0.050000 0.178704
0 7 0.555729 0.640741 0.034375 0.187037
0 8 0.584896 0.639815 0.034375 0.175926
0 9 0.733333 0.520370 0.023958 0.096296
0 10 0.617448 0.642130 0.031771 0.178704
0 13 0.610156 0.975463 0.052604 0.050926
0 15 0.467448 0.638426 0.027604 0.137963
0 16 0.501302 0.621296 0.036979 0.164815
0 17 0.560677 0.666667 0.039062 0.162963
0 18 0.758854 0.640741 0.034375 0.146296
0 19 0.664583 0.625463 0.029167 0.150926
0 20 0.705208 0.619444 0.041667 0.162963
0 21 0.795833 0.639352 0.032292 0.150926
0 25 0.967187 0.752315 0.057292 0.204630
0 27 0.955990 0.740278 0.050521 0.191667
0 31 0.511979 0.968056 0.061458 0.065741
0 35 0.224740 0.794444 0.048438 0.235185
0 36 0.269271 0.802778 0.048958 0.220370
0 37 0.247396 0.862037 0.056250 0.229630
0 38 0.113542 0.804630 0.039583 0.209259
0 39 0.129948 0.874074 0.053646 0.242593
0 40 0.476042 0.663889 0.032292 0.175926
0 41 0.773698 0.675926 0.040104 0.179630
0 42 0.610938 0.720833 0.039583 0.202778
0 43 0.645052 0.728241 0.034896 0.180556
0 44 0.530208 0.681019 0.038542 0.154630
0 45 0.797396 0.717593 0.034375 0.118519
0 46 0.750781 0.718056 0.040104 0.154630
0 47 0.864844 0.752778 0.052604 0.218519
0 48 0.893490 0.750463 0.049479 0.210185
0 50 0.782813 0.706019 0.040625 0.182407
0 52 0.599219 0.570833 0.029687 0.132407
0 53 0.570312 0.558796 0.035417 0.139815
0 54 0.457031 0.562500 0.033854 0.145370
0 55 0.566667 0.590741 0.044792 0.157407
0 56 0.538542 0.527315 0.022917 0.104630
0 57 0.518229 0.520833 0.030208 0.112037
0 58 0.491146 0.514352 0.033333 0.121296
0 59 0.441927 0.514352 0.031771 0.112037
0 60 0.413542 0.514352 0.025000 0.115741
0 61 0.513542 0.494907 0.026042 0.110185
0 62 0.485417 0.491667 0.023958 0.112963
0 63 0.467708 0.488889 0.026042 0.124074
0 64 0.448437 0.494444 0.025000 0.114815
0 65 0.412240 0.481481 0.026562 0.109259
0 66 0.444792 0.474074 0.026042 0.107407
0 71 0.523958 0.518519 0.021875 0.107407
0 72 0.428385 0.472685 0.024479 0.123148
0 73 0.758594 0.439815 0.019271 0.074074
0 74 0.766667 0.434722 0.027083 0.082407
