0 7 0.565625 0.679167 0.038542 0.199074
0 8 0.592448 0.688889 0.041146 0.198148
0 9 0.750000 0.522222 0.023958 0.096296
0 10 0.593229 0.652778 0.039583 0.174074
0 15 0.529687 0.687037 0.027083 0.148148
0 16 0.597917 0.667593 0.051042 0.183333
0 17 0.719531 0.710648 0.035937 0.178704
0 18 0.869271 0.690278 0.037500 0.169444
0 19 0.874479 0.660185 0.030208 0.151852
0 20 0.859115 0.654167 0.038021 0.167593
0 21 0.901823 0.688889 0.038021 0.185185
0 35 0.290365 0.745370 0.044271 0.211111
0 36 0.324479 0.749074 0.042708 0.188889
0 37 0.328646 0.791667 0.052083 0.200000
0 38 0.212240 0.765741 0.044271 0.190741
0 39 0.090104 0.931481 0.060417 0.137037
0 40 0.449740 0.621759 0.033854 0.158333
0 41 0.761719 0.644444 0.033854 0.181481
0 42 0.665625 0.724537 0.053125 0.204630
0 43 0.695052 0.740741 0.036979 0.187037
0 44 0.406771 0.647222 0.042708 0.148148
0 45 0.795312 0.680556 0.030208 0.118519
0 46 0.794271 0.668981 0.035417 0.143519
0 47 0.840625 0.701852 0.045833 0.201852
0 48 0.838802 0.701389 0.041146 0.202778
0 49 0.823698 0.718519 0.052604 0.209259
0 50 0.815625 0.663426 0.036458 0.178704
0 51 0.872656 0.728704 0.046354 0.187037
0 52 0.659896 0.600000 0.032292 0.133333
0 53 0.640625 0.598611 0.038542 0.160185
0 54 0.480990 0.614815 0.035937 0.162963
0 55 0.436979 0.580093 0.043750 0.156481
0 56 0.585938 0.566667 0.026042 0.103704
0 57 0.550000 0.562500 0.030208 0.126852
0 58 0.517448 0.539352 0.031771 0.128704
0 59 0.460938 0.547222 0.033333 0.120370
0 60 0.425000 0.546759 0.025000 0.126852
0 61 0.568229 0.521759 0.028125 0.115741
0 62 0.538542 0.522685 0.028125 0.121296
0 63 0.519010 0.515741 0.025521 0.129630
0 64 0.497396 0.524074 0.026042 0.120370
0 65 0.430208 0.518981 0.028125 0.115741
0 66 0.542448 0.500000 0.027604 0.107407
0 67 0.460417 0.495833 0.030208 0.121296
0 68 0.458594 0.477315 0.021354 0.099074
0 69 0.449740 0.487500 0.025521 0.104630
0 70 0.417969 0.474537 0.023438 0.117593
0 71 0.545573 0.545370 0.021354 0.107407
0 72 0.522396 0.497222 0.026042 0.124074
0 73 0.774740 0.441667 0.019271 0.074074
0 74 0.787500 0.441204 0.027083 0.082407
