0 7 0.568750 0.668519 0.036458 0.198148
0 8 0.592187 0.681019 0.039583 0.195370
0 9 0.743750 0.514815 0.023958 0.096296
0 10 0.600521 0.646296 0.034375 0.174074
0 15 0.512500 0.681019 0.027083 0.150926
0 16 0.571094 0.658333 0.054688 0.179630
0 17 0.703125 0.707407 0.039583 0.175926
0 18 0.860677 0.686574 0.038021 0.175000
0 19 0.853125 0.656481 0.030208 0.151852
0 20 0.850521 0.650463 0.038542 0.167593
0 21 0.893229 0.685185 0.037500 0.181481
0 35 0.281250 0.743519 0.044792 0.209259
0 36 0.320573 0.750463 0.042188 0.197222
0 37 0.317188 0.789815 0.052083 0.203704
0 38 0.208073 0.766667 0.044271 0.192593
0 39 0.107813 0.919444 0.067708 0.161111
0 40 0.447135 0.622685 0.033854 0.160185
0 41 0.761198 0.648611 0.033854 0.182407
0 42 0.648698 0.725463 0.043229 0.204630
0 43 0.673958 0.739815 0.044792 0.187037
0 44 0.411719 0.644907 0.042188 0.147222
0 45 0.791406 0.686574 0.029687 0.117593
0 46 0.778906 0.675926 0.035937 0.146296
0 47 0.830990 0.706019 0.046354 0.200926
0 48 0.838802 0.703704 0.041146 0.201852
0 49 0.841667 0.731481 0.055208 0.205556
0 50 0.808854 0.670833 0.036458 0.178704
0 51 0.886979 0.734722 0.040625 0.189815
0 52 0.645573 0.595833 0.031771 0.132407
0 53 0.625260 0.594907 0.038021 0.160185
0 54 0.472135 0.602315 0.034896 0.160185
0 55 0.453646 0.575463 0.043750 0.156481
0 56 0.581250 0.559259 0.028125 0.103704
0 57 0.544792 0.554167 0.030208 0.126852
0 58 0.514323 0.532870 0.031771 0.128704
0 59 0.459375 0.539352 0.032292 0.119444
0 60 0.420573 0.538426 0.025521 0.126852
0 61 0.555729 0.519907 0.028125 0.115741
0 62 0.530990 0.517130 0.027604 0.121296
0 63 0.509375 0.510648 0.026042 0.130556
0 64 0.490885 0.517130 0.025521 0.121296
0 65 0.427083 0.506944 0.028125 0.115741
0 66 0.529948 0.489815 0.027604 0.107407
0 67 0.458854 0.489815 0.030208 0.120370
0 68 0.440365 0.471759 0.021354 0.099074
0 69 0.432031 0.475926 0.026562 0.103704
0 71 0.541667 0.537037 0.021875 0.107407
0 72 0.511458 0.492593 0.026042 0.124074
0 73 0.773438 0.442593 0.019792 0.074074
0 74 0.785417 0.440278 0.027083 0.082407
