0 7 0.561979 0.686574 0.039583 0.200926
0 8 0.589323 0.698611 0.046354 0.200926
0 9 0.750781 0.516667 0.026562 0.096296
0 10 0.589323 0.659259 0.038021 0.174074
0 15 0.543750 0.693056 0.027083 0.147222
0 16 0.616927 0.674537 0.045312 0.186111
0 17 0.734375 0.715278 0.034375 0.182407
0 18 0.877865 0.693519 0.038021 0.175926
0 19 0.889062 0.662963 0.030208 0.151852
0 20 0.867969 0.656944 0.039062 0.167593
0 21 0.911198 0.692593 0.038021 0.185185
0 35 0.296615 0.746759 0.044271 0.212037
0 36 0.328125 0.752778 0.041667 0.188889
0 37 0.338021 0.789815 0.051042 0.198148
0 38 0.212240 0.770370 0.044271 0.177778
0 39 0.078906 0.940741 0.063021 0.120370
0 40 0.453385 0.623148 0.033854 0.155556
0 41 0.764323 0.643519 0.033854 0.181481
0 42 0.680208 0.724074 0.041667 0.203704
0 43 0.704688 0.743519 0.036458 0.187037
0 44 0.406250 0.651852 0.042708 0.148148
0 45 0.800521 0.679630 0.030208 0.118519
0 46 0.799740 0.668981 0.033854 0.143519
0 47 0.858854 0.701852 0.040625 0.201852
0 48 0.838802 0.697222 0.041146 0.201852
0 49 0.816667 0.717130 0.057292 0.202778
0 50 0.820312 0.662963 0.036458 0.179630
0 51 0.859896 0.724537 0.054167 0.184259
0 52 0.672396 0.603704 0.032292 0.135185
0 53 0.651563 0.600463 0.038542 0.160185
0 54 0.486458 0.621759 0.037500 0.165741
0 55 0.427083 0.584722 0.042708 0.156481
0 56 0.592708 0.570370 0.025000 0.103704
0 57 0.555208 0.569907 0.030208 0.126852
0 58 0.522135 0.544907 0.031771 0.128704
0 59 0.467708 0.553704 0.033333 0.120370
0 60 0.429167 0.556019 0.025000 0.126852
0 61 0.572135 0.529167 0.027604 0.115741
0 62 0.545833 0.526389 0.028125 0.121296
0 63 0.525000 0.521296 0.026042 0.129630
0 64 0.501042 0.531481 0.026042 0.122222
0 65 0.433333 0.525463 0.028125 0.115741
0 66 0.550000 0.505556 0.028125 0.107407
0 67 0.465104 0.501389 0.030208 0.121296
0 68 0.469010 0.479167 0.023438 0.099074
0 69 0.457552 0.488426 0.022396 0.104630
0 70 0.424219 0.487500 0.023438 0.117593
0 71 0.548698 0.550926 0.021354 0.107407
0 72 0.528646 0.501852 0.026042 0.124074
0 73 0.775260 0.441667 0.019271 0.074074
0 74 0.789062 0.441204 0.027083 0.082407
