0 7 0.566927 0.676389 0.038021 0.199074
0 8 0.592187 0.686574 0.040625 0.197222
0 9 0.747396 0.519444 0.023958 0.096296
0 10 0.594531 0.650926 0.040104 0.174074
0 15 0.525000 0.685648 0.027083 0.149074
0 16 0.591406 0.665278 0.052604 0.182407
0 17 0.714583 0.708796 0.036458 0.176852
0 18 0.867188 0.689815 0.037500 0.172222
0 19 0.869792 0.659259 0.030208 0.151852
0 20 0.857031 0.653241 0.038021 0.167593
0 21 0.898698 0.687037 0.038021 0.185185
0 35 0.288542 0.744907 0.044792 0.210185
0 36 0.323958 0.748148 0.042708 0.190741
0 37 0.326042 0.791204 0.052083 0.200926
0 38 0.211719 0.765741 0.044271 0.192593
0 39 0.093750 0.928704 0.063542 0.144444
0 40 0.448177 0.621296 0.033854 0.159259
0 41 0.760677 0.645370 0.033854 0.181481
0 42 0.661458 0.725463 0.054167 0.204630
0 43 0.689844 0.740741 0.039062 0.187037
0 44 0.406771 0.646296 0.042708 0.148148
0 45 0.794271 0.681481 0.030208 0.118519
0 46 0.790625 0.670370 0.035417 0.144444
0 47 0.836979 0.702315 0.046875 0.200926
0 48 0.838802 0.701852 0.041146 0.201852
0 49 0.827083 0.720370 0.053125 0.207407
0 50 0.814063 0.665278 0.036458 0.178704
0 51 0.876302 0.730093 0.044271 0.187963
0 52 0.655729 0.599074 0.032292 0.133333
0 53 0.637240 0.597685 0.038021 0.160185
0 54 0.479167 0.612500 0.035417 0.162037
0 55 0.439583 0.577315 0.043750 0.156481
0 56 0.584115 0.563889 0.026562 0.103704
0 57 0.547917 0.559722 0.030208 0.126852
0 58 0.515885 0.537500 0.031771 0.128704
0 59 0.459896 0.545370 0.033333 0.120370
0 60 0.423438 0.543056 0.025000 0.126852
0 61 0.565104 0.520833 0.028125 0.115741
0 62 0.535937 0.520833 0.028125 0.121296
0 63 0.517448 0.513889 0.025521 0.129630
0 64 0.496354 0.522222 0.026042 0.120370
0 65 0.429167 0.515278 0.028125 0.115741
0 66 0.538802 0.497222 0.027604 0.107407
0 67 0.459896 0.494444 0.030208 0.120370
0 68 0.454427 0.476389 0.021354 0.099074
0 69 0.445833 0.485648 0.026042 0.104630
0 71 0.544531 0.543519 0.021354 0.107407
0 72 0.519792 0.496296 0.026042 0.124074
0 73 0.774219 0.441667 0.019271 0.074074
0 74 0.786979 0.441204 0.027083 0.082407
