0 7 0.575781 0.664815 0.033854 0.196296
0 8 0.600000 0.675463 0.038542 0.191667
0 9 0.746094 0.517593 0.024479 0.096296
0 10 0.609896 0.646296 0.032292 0.174074
0 15 0.511458 0.676389 0.027083 0.152778
0 16 0.560417 0.659259 0.035417 0.181481
0 17 0.690365 0.704630 0.041146 0.174074
0 18 0.854427 0.681481 0.038021 0.168519
0 19 0.837500 0.659259 0.030208 0.151852
0 20 0.842708 0.647685 0.039583 0.167593
0 21 0.887500 0.682870 0.037500 0.176852
0 35 0.276823 0.747222 0.045312 0.209259
0 36 0.315365 0.757407 0.042188 0.203704
0 37 0.311458 0.796296 0.052083 0.203704
0 38 0.202083 0.768519 0.043750 0.192593
0 39 0.125781 0.915741 0.066146 0.168519
0 40 0.448958 0.626389 0.033333 0.160185
0 41 0.767708 0.656019 0.034375 0.184259
0 42 0.638281 0.726389 0.040104 0.204630
0 43 0.672396 0.737963 0.044792 0.185185
0 44 0.425521 0.649537 0.039583 0.145370
0 45 0.791406 0.690278 0.029687 0.117593
0 46 0.783073 0.682407 0.035937 0.148148
0 47 0.824479 0.709722 0.045833 0.200926
0 48 0.841146 0.709259 0.042708 0.201852
0 49 0.862760 0.741204 0.058854 0.204630
0 50 0.806510 0.675926 0.036979 0.179630
0 51 0.909375 0.744444 0.051042 0.190741
0 52 0.640104 0.593056 0.032292 0.132407
0 53 0.617188 0.589815 0.038542 0.153704
0 54 0.472917 0.599537 0.034375 0.160185
0 55 0.473698 0.577315 0.044271 0.156481
0 56 0.580990 0.556481 0.027604 0.103704
0 57 0.544792 0.553241 0.030208 0.126852
0 58 0.517708 0.531019 0.032292 0.128704
0 59 0.460417 0.536111 0.031250 0.118519
0 60 0.417969 0.535648 0.025521 0.126852
0 61 0.556250 0.515278 0.028125 0.115741
0 62 0.529687 0.513426 0.025000 0.117593
0 63 0.509635 0.510648 0.025521 0.130556
0 64 0.491146 0.514352 0.026042 0.121296
0 65 0.431250 0.506019 0.028125 0.115741
0 66 0.525000 0.489352 0.028125 0.106481
0 67 0.454948 0.486111 0.027604 0.120370
0 68 0.433333 0.464352 0.020833 0.099074
0 69 0.423698 0.474074 0.027604 0.103704
0 71 0.543229 0.535185 0.021875 0.107407
0 72 0.501823 0.487963 0.025521 0.124074
0 73 0.772656 0.442593 0.019271 0.074074
0 74 0.782813 0.439352 0.027083 0.082407
