0 7 0.575000 0.665278 0.034375 0.197222
0 8 0.598958 0.675926 0.038542 0.192593
0 9 0.746094 0.517593 0.024479 0.096296
0 10 0.609375 0.646296 0.032292 0.174074
0 15 0.511458 0.676389 0.027083 0.152778
0 16 0.561979 0.660185 0.035417 0.181481
0 17 0.692708 0.706019 0.041667 0.175000
0 18 0.855208 0.681944 0.038542 0.169444
0 19 0.839583 0.658333 0.030208 0.151852
0 20 0.843750 0.647685 0.039583 0.167593
0 21 0.888021 0.683333 0.037500 0.177778
0 35 0.277344 0.746759 0.045312 0.210185
0 36 0.315885 0.756481 0.042188 0.201852
0 37 0.311979 0.795370 0.052083 0.203704
0 38 0.203385 0.768519 0.044271 0.192593
0 39 0.124740 0.916204 0.067187 0.167593
0 40 0.448958 0.625463 0.033333 0.160185
0 41 0.767188 0.655093 0.034375 0.184259
0 42 0.639323 0.726389 0.040104 0.204630
0 43 0.672656 0.737963 0.044271 0.185185
0 44 0.423698 0.649074 0.040104 0.146296
0 45 0.791406 0.690278 0.029687 0.117593
0 46 0.782552 0.681481 0.035937 0.148148
0 47 0.825521 0.708796 0.045833 0.200926
0 48 0.840885 0.708333 0.042188 0.201852
0 49 0.859896 0.740278 0.058333 0.204630
0 50 0.806510 0.675463 0.036979 0.178704
0 51 0.907031 0.744444 0.052604 0.190741
0 52 0.640885 0.593981 0.031771 0.132407
0 53 0.617969 0.590278 0.038021 0.154630
0 54 0.473958 0.600463 0.034375 0.160185
0 55 0.471094 0.577315 0.044271 0.156481
0 56 0.581510 0.557407 0.027604 0.103704
0 57 0.545052 0.553241 0.029687 0.126852
0 58 0.517188 0.531019 0.032292 0.128704
0 59 0.460417 0.537037 0.031250 0.118519
0 60 0.418490 0.535648 0.025521 0.126852
0 61 0.556771 0.515278 0.028125 0.115741
0 62 0.529948 0.514352 0.025521 0.117593
0 63 0.509635 0.510648 0.025521 0.130556
0 64 0.491667 0.515278 0.026042 0.121296
0 65 0.431250 0.506944 0.028125 0.115741
0 66 0.525521 0.489352 0.028125 0.106481
0 67 0.455729 0.486111 0.028125 0.120370
0 68 0.434375 0.465278 0.020833 0.099074
0 69 0.424479 0.474074 0.027083 0.103704
0 71 0.543229 0.535185 0.021875 0.107407
0 72 0.502865 0.487963 0.025521 0.124074
0 73 0.772656 0.442593 0.019271 0.074074
0 74 0.783333 0.440278 0.027083 0.082407
