0 7 0.568229 0.672685 0.037500 0.199074
0 8 0.589844 0.683796 0.040104 0.197222
0 9 0.743750 0.515741 0.023958 0.096296
0 10 0.594792 0.648148 0.037500 0.174074
0 15 0.517708 0.683796 0.027083 0.150926
0 16 0.581771 0.661574 0.055208 0.180556
0 17 0.708333 0.707407 0.037500 0.175926
0 18 0.864062 0.689352 0.037500 0.178704
0 19 0.862500 0.657407 0.030208 0.151852
0 20 0.854167 0.652315 0.038542 0.167593
0 21 0.895833 0.686111 0.037500 0.183333
0 35 0.285417 0.743981 0.044792 0.210185
0 36 0.323437 0.747222 0.042708 0.194444
0 37 0.321875 0.790278 0.052083 0.202778
0 38 0.210156 0.765741 0.044271 0.192593
0 39 0.099740 0.924537 0.067187 0.152778
0 40 0.446615 0.620833 0.033854 0.160185
0 41 0.759115 0.645370 0.033854 0.181481
0 42 0.655990 0.725463 0.049479 0.204630
0 43 0.682031 0.740741 0.042188 0.187037
0 44 0.406771 0.643519 0.042708 0.148148
0 45 0.792969 0.683796 0.029687 0.117593
0 46 0.785417 0.672685 0.035417 0.145370
0 47 0.834375 0.704167 0.046875 0.200926
0 48 0.838802 0.702778 0.041146 0.201852
0 49 0.833073 0.724537 0.053646 0.204630
0 50 0.811979 0.668056 0.036458 0.178704
0 51 0.880729 0.732407 0.042708 0.188889
0 52 0.649479 0.596759 0.032292 0.132407
0 53 0.632031 0.596759 0.038021 0.160185
0 54 0.476302 0.608796 0.034896 0.160185
0 55 0.443229 0.573611 0.043750 0.156481
0 56 0.581510 0.560185 0.027604 0.103704
0 57 0.544792 0.556019 0.030208 0.126852
0 58 0.513802 0.534722 0.031771 0.128704
0 59 0.458073 0.542593 0.032813 0.120370
0 60 0.421875 0.539352 0.025000 0.126852
0 61 0.560937 0.519907 0.028125 0.115741
0 62 0.531510 0.518056 0.027604 0.121296
0 63 0.515104 0.511111 0.026042 0.129630
0 64 0.490625 0.517593 0.026042 0.120370
0 65 0.427083 0.510648 0.028125 0.115741
0 66 0.533594 0.491667 0.027604 0.107407
0 67 0.459896 0.492593 0.030208 0.120370
0 68 0.447656 0.474537 0.021354 0.099074
0 69 0.439063 0.480093 0.026042 0.104630
0 71 0.542969 0.540741 0.021354 0.107407
0 72 0.516146 0.494444 0.026042 0.124074
0 73 0.773958 0.441667 0.019792 0.074074
0 74 0.786458 0.440278 0.027083 0.082407
