0 7 0.573177 0.666204 0.034896 0.197222
0 8 0.596875 0.677315 0.038542 0.193519
0 9 0.746615 0.517593 0.024479 0.096296
0 10 0.607812 0.646296 0.032292 0.174074
0 15 0.511979 0.677778 0.027083 0.151852
0 16 0.565104 0.661574 0.035417 0.182407
0 17 0.696354 0.707407 0.041667 0.175926
0 18 0.856771 0.683333 0.037500 0.172222
0 19 0.843229 0.658333 0.030208 0.151852
0 20 0.845573 0.648611 0.039062 0.167593
0 21 0.889583 0.683796 0.037500 0.178704
0 35 0.278385 0.745370 0.045312 0.209259
0 36 0.317448 0.755093 0.042188 0.200926
0 37 0.313542 0.793519 0.052083 0.203704
0 38 0.205990 0.767593 0.044271 0.192593
0 39 0.122396 0.917593 0.068750 0.164815
0 40 0.448437 0.624537 0.033333 0.160185
0 41 0.765365 0.653241 0.033854 0.184259
0 42 0.641667 0.726389 0.040625 0.204630
0 43 0.672917 0.738426 0.044792 0.186111
0 44 0.420312 0.648148 0.040625 0.146296
0 45 0.791406 0.688426 0.029687 0.117593
0 46 0.781510 0.679630 0.035937 0.148148
0 47 0.827083 0.707870 0.045833 0.200926
0 48 0.839844 0.706481 0.041146 0.201852
0 49 0.854167 0.738426 0.057292 0.204630
0 50 0.807031 0.674074 0.036979 0.179630
0 51 0.903906 0.743519 0.048438 0.188889
0 52 0.642188 0.593981 0.032292 0.132407
0 53 0.619792 0.591667 0.038542 0.155556
0 54 0.475521 0.602315 0.034375 0.160185
0 55 0.466406 0.577315 0.044271 0.156481
0 56 0.582812 0.559259 0.028125 0.103704
0 57 0.545833 0.554167 0.030208 0.126852
0 58 0.516406 0.531944 0.031771 0.128704
0 59 0.460417 0.537037 0.031250 0.118519
0 60 0.419010 0.536574 0.025521 0.126852
0 61 0.557292 0.515278 0.028125 0.115741
0 62 0.530729 0.515278 0.026042 0.119444
0 63 0.509635 0.510648 0.025521 0.130556
0 64 0.492708 0.516204 0.026042 0.121296
0 65 0.431250 0.507870 0.028125 0.115741
0 66 0.526823 0.489352 0.027604 0.106481
0 67 0.457292 0.487037 0.029167 0.120370
0 68 0.435937 0.467130 0.020833 0.099074
0 69 0.426563 0.474074 0.027083 0.103704
0 71 0.544271 0.536111 0.021875 0.107407
0 72 0.505208 0.488889 0.026042 0.124074
0 73 0.772917 0.442593 0.019792 0.074074
0 74 0.783854 0.440278 0.027083 0.082407
