0 7 0.567448 0.675463 0.038021 0.199074
0 8 0.591406 0.685648 0.040104 0.197222
0 9 0.746354 0.518519 0.023958 0.096296
0 10 0.594531 0.650000 0.039062 0.174074
0 15 0.522396 0.685185 0.027083 0.150000
0 16 0.588281 0.663889 0.053646 0.181481
0 17 0.712240 0.707870 0.036979 0.176852
0 18 0.866146 0.689352 0.037500 0.175000
0 19 0.867188 0.658333 0.030208 0.151852
0 20 0.856250 0.653241 0.038542 0.167593
0 21 0.897396 0.687037 0.037500 0.185185
0 35 0.287500 0.744907 0.044792 0.210185
0 36 0.323698 0.747685 0.042188 0.191667
0 37 0.324479 0.790741 0.052083 0.201852
0 38 0.211198 0.765741 0.044271 0.192593
0 39 0.095833 0.927315 0.064583 0.147222
0 40 0.447656 0.620833 0.033854 0.160185
0 41 0.760156 0.645370 0.033854 0.181481
0 42 0.659635 0.725463 0.052604 0.204630
0 43 0.687240 0.740741 0.040104 0.187037
0 44 0.406771 0.645370 0.042708 0.148148
0 45 0.793750 0.682407 0.030208 0.118519
0 46 0.789062 0.671296 0.035417 0.144444
0 47 0.835938 0.703241 0.046875 0.200926
0 48 0.838802 0.702315 0.041146 0.202778
0 49 0.829167 0.721759 0.053125 0.206481
0 50 0.813542 0.666204 0.036458 0.178704
0 51 0.877604 0.731019 0.043750 0.187963
0 52 0.653646 0.598148 0.032292 0.133333
0 53 0.635417 0.596759 0.038542 0.160185
0 54 0.478385 0.611111 0.034896 0.161111
0 55 0.440625 0.576389 0.043750 0.156481
0 56 0.583333 0.562963 0.027083 0.103704
0 57 0.546875 0.558796 0.030208 0.126852
0 58 0.515365 0.536574 0.031771 0.128704
0 59 0.459115 0.544444 0.032813 0.120370
0 60 0.422917 0.541204 0.025000 0.126852
0 61 0.564063 0.520833 0.028125 0.115741
0 62 0.534375 0.519907 0.028125 0.121296
0 63 0.516667 0.512963 0.026042 0.129630
0 64 0.494271 0.520370 0.026042 0.120370
0 65 0.428125 0.513426 0.028125 0.115741
0 66 0.537240 0.495370 0.027604 0.107407
0 67 0.459896 0.493981 0.030208 0.121296
0 68 0.452344 0.475463 0.021354 0.099074
0 69 0.443750 0.483796 0.026042 0.104630
0 71 0.544010 0.542593 0.021354 0.107407
0 72 0.518750 0.495370 0.026042 0.124074
0 73 0.774219 0.441667 0.019271 0.074074
0 74 0.786979 0.441204 0.027083 0.082407
