0 7 0.578646 0.662963 0.033333 0.196296
0 8 0.603906 0.672685 0.038021 0.189815
0 9 0.745313 0.518519 0.023958 0.096296
0 10 0.612500 0.646296 0.032292 0.174074
0 15 0.510938 0.673148 0.027083 0.153704
0 16 0.554167 0.656481 0.035417 0.179630
0 17 0.680729 0.700926 0.039583 0.170370
0 18 0.851302 0.679167 0.038021 0.165741
0 19 0.828125 0.658796 0.030208 0.150926
0 20 0.836458 0.647685 0.039583 0.167593
0 21 0.883333 0.680556 0.037500 0.175926
0 35 0.274740 0.749537 0.045312 0.210185
0 36 0.313281 0.760648 0.042188 0.204630
0 37 0.308594 0.800000 0.052604 0.203704
0 38 0.197396 0.770370 0.043750 0.192593
0 39 0.129688 0.912963 0.063542 0.174074
0 40 0.450000 0.629167 0.033333 0.162037
0 41 0.771354 0.660185 0.034375 0.185185
0 42 0.634115 0.726389 0.040104 0.204630
0 43 0.671615 0.736574 0.044271 0.184259
0 44 0.432812 0.651852 0.039583 0.148148
0 45 0.791406 0.692130 0.029687 0.117593
0 46 0.783854 0.685185 0.035417 0.150000
0 47 0.821875 0.712500 0.045833 0.200926
0 48 0.842969 0.712963 0.044271 0.201852
0 49 0.871615 0.745370 0.057813 0.207407
0 50 0.805729 0.678241 0.037500 0.178704
0 51 0.919010 0.747685 0.045312 0.189815
0 52 0.637240 0.592130 0.031771 0.132407
0 53 0.613542 0.586574 0.038542 0.149074
0 54 0.469792 0.596759 0.034375 0.160185
0 55 0.483594 0.577315 0.044271 0.156481
0 56 0.578385 0.553704 0.026562 0.103704
0 57 0.543490 0.551389 0.029687 0.126852
0 58 0.516667 0.530093 0.032292 0.126852
0 59 0.460156 0.535185 0.031771 0.118519
0 60 0.416927 0.533796 0.025521 0.126852
0 61 0.555208 0.515278 0.028125 0.115741
0 62 0.528125 0.511111 0.023958 0.114815
0 63 0.509115 0.510185 0.025521 0.129630
0 64 0.489063 0.512500 0.026042 0.121296
0 65 0.430729 0.505093 0.028125 0.115741
0 66 0.521094 0.488889 0.027604 0.107407
0 67 0.451823 0.485185 0.025521 0.120370
0 68 0.427604 0.464352 0.020833 0.099074
0 71 0.541667 0.533333 0.021875 0.107407
0 72 0.497656 0.487037 0.025521 0.124074
0 73 0.772135 0.443519 0.019271 0.074074
0 74 0.781771 0.439352 0.027083 0.082407
