0 7 0.562760 0.685185 0.039062 0.200000
0 8 0.589844 0.697222 0.045312 0.200000
0 9 0.751042 0.518056 0.026042 0.097222
0 10 0.590104 0.658333 0.038542 0.174074
0 15 0.541146 0.692130 0.027083 0.147222
0 16 0.613802 0.673148 0.046354 0.185185
0 17 0.731771 0.714352 0.034375 0.182407
0 18 0.876302 0.692593 0.038021 0.172222
0 19 0.886458 0.662037 0.030208 0.151852
0 20 0.866406 0.656944 0.039062 0.167593
0 21 0.909635 0.691667 0.038021 0.185185
0 35 0.295573 0.746759 0.044271 0.212037
0 36 0.326823 0.751852 0.042188 0.187037
0 37 0.335677 0.791204 0.051562 0.199074
0 38 0.212240 0.769907 0.044271 0.180556
0 39 0.080469 0.938889 0.060937 0.122222
0 40 0.452865 0.622685 0.033854 0.156481
0 41 0.763802 0.643519 0.033854 0.181481
0 42 0.677604 0.724074 0.043750 0.203704
0 43 0.703125 0.742593 0.036458 0.187037
0 44 0.406771 0.651852 0.042708 0.148148
0 45 0.799479 0.679630 0.030208 0.118519
0 46 0.798698 0.668981 0.033854 0.143519
0 47 0.855990 0.701852 0.041146 0.201852
0 48 0.838802 0.698148 0.041146 0.201852
0 49 0.818229 0.718981 0.057292 0.204630
0 50 0.819792 0.662963 0.036458 0.179630
0 51 0.862240 0.725463 0.052604 0.184259
0 52 0.670312 0.603241 0.032292 0.134259
0 53 0.649479 0.600463 0.038542 0.160185
0 54 0.485417 0.620833 0.037500 0.165741
0 55 0.429427 0.584722 0.043229 0.156481
0 56 0.591146 0.570370 0.025000 0.103704
0 57 0.555208 0.569907 0.030208 0.126852
0 58 0.521094 0.543981 0.031771 0.128704
0 59 0.466667 0.552778 0.033333 0.120370
0 60 0.428646 0.554167 0.025000 0.126852
0 61 0.571354 0.527315 0.028125 0.115741
0 62 0.544792 0.526389 0.028125 0.121296
0 63 0.523698 0.520370 0.025521 0.129630
0 64 0.500260 0.530093 0.025521 0.121296
0 65 0.433333 0.525463 0.028125 0.115741
0 66 0.549479 0.505556 0.028125 0.107407
0 67 0.464062 0.500463 0.030208 0.121296
0 68 0.467187 0.479167 0.022917 0.099074
0 69 0.456250 0.488426 0.022917 0.104630
0 70 0.423177 0.485648 0.023438 0.117593
0 71 0.548177 0.550000 0.021354 0.107407
0 72 0.527604 0.500926 0.026042 0.124074
0 73 0.775260 0.441667 0.019271 0.074074
0 74 0.789062 0.441204 0.027083 0.082407
