0 7 0.573958 0.665278 0.034375 0.197222
0 8 0.597917 0.676852 0.038542 0.192593
0 9 0.746354 0.517593 0.023958 0.096296
0 10 0.608854 0.646296 0.032292 0.174074
0 15 0.511458 0.677315 0.027083 0.152778
0 16 0.563542 0.660648 0.035417 0.182407
0 17 0.695312 0.707407 0.041667 0.175926
0 18 0.855990 0.682870 0.038021 0.171296
0 19 0.841146 0.658333 0.030208 0.151852
0 20 0.844792 0.648611 0.039583 0.167593
0 21 0.889062 0.683333 0.037500 0.177778
0 35 0.277865 0.746296 0.045312 0.209259
0 36 0.316667 0.755556 0.042708 0.201852
0 37 0.312760 0.794444 0.052604 0.203704
0 38 0.204427 0.767593 0.044271 0.192593
0 39 0.123438 0.917130 0.067708 0.165741
0 40 0.448437 0.625463 0.033333 0.160185
0 41 0.766146 0.654167 0.034375 0.184259
0 42 0.640625 0.726389 0.040625 0.204630
0 43 0.672917 0.738426 0.044792 0.186111
0 44 0.422135 0.648148 0.040104 0.146296
0 45 0.791406 0.689352 0.029687 0.117593
0 46 0.782031 0.680556 0.035937 0.148148
0 47 0.826302 0.708796 0.046354 0.200926
0 48 0.840104 0.707407 0.041667 0.201852
0 49 0.857031 0.739352 0.057813 0.204630
0 50 0.807031 0.674537 0.036979 0.178704
0 51 0.905469 0.743981 0.050521 0.189815
0 52 0.641406 0.593981 0.031771 0.132407
0 53 0.619010 0.590741 0.038021 0.155556
0 54 0.474479 0.601389 0.034375 0.160185
0 55 0.468750 0.577315 0.043750 0.156481
0 56 0.582031 0.558333 0.027604 0.103704
0 57 0.545312 0.554167 0.030208 0.126852
0 58 0.516667 0.531019 0.032292 0.128704
0 59 0.460417 0.537037 0.031250 0.118519
0 60 0.418750 0.535648 0.025000 0.126852
0 61 0.556771 0.515278 0.028125 0.115741
0 62 0.530469 0.514815 0.025521 0.118519
0 63 0.509635 0.510648 0.025521 0.130556
0 64 0.492188 0.516204 0.026042 0.121296
0 65 0.431250 0.507870 0.028125 0.115741
0 66 0.526042 0.489352 0.028125 0.106481
0 67 0.456510 0.487037 0.028646 0.120370
0 68 0.435156 0.466204 0.021354 0.099074
0 69 0.425521 0.474074 0.027083 0.103704
0 71 0.543750 0.535185 0.021875 0.107407
0 72 0.503906 0.488889 0.025521 0.124074
0 73 0.772917 0.442593 0.019792 0.074074
0 74 0.783854 0.440278 0.027083 0.082407
