0 7 0.568490 0.670370 0.036979 0.198148
0 8 0.590104 0.682407 0.039583 0.196296
0 9 0.741667 0.512963 0.023958 0.096296
0 10 0.595313 0.646296 0.036458 0.174074
0 15 0.513021 0.682870 0.027083 0.150926
0 16 0.575521 0.659259 0.057292 0.179630
0 17 0.705729 0.707407 0.038542 0.175926
0 18 0.862240 0.687500 0.038021 0.176852
0 19 0.857292 0.656481 0.030208 0.151852
0 20 0.852344 0.651389 0.039062 0.167593
0 21 0.894271 0.685648 0.037500 0.182407
0 35 0.283333 0.743981 0.044792 0.210185
0 36 0.321875 0.748611 0.042708 0.195370
0 37 0.319271 0.789815 0.052083 0.203704
0 38 0.209115 0.765741 0.044271 0.192593
0 39 0.102344 0.921759 0.067187 0.158333
0 40 0.446615 0.621759 0.033854 0.160185
0 41 0.759635 0.646759 0.033854 0.182407
0 42 0.652344 0.725463 0.046354 0.204630
0 43 0.676823 0.740741 0.044271 0.187037
0 44 0.408333 0.643519 0.042708 0.148148
0 45 0.791927 0.684722 0.029687 0.117593
0 46 0.782031 0.674074 0.035937 0.146296
0 47 0.832812 0.705093 0.046875 0.200926
0 48 0.838802 0.702778 0.041146 0.201852
0 49 0.837240 0.727778 0.054688 0.205556
0 50 0.810417 0.668981 0.036458 0.178704
0 51 0.883854 0.733333 0.041667 0.188889
0 52 0.646875 0.595833 0.032292 0.132407
0 53 0.628646 0.595833 0.038542 0.160185
0 54 0.474219 0.605093 0.034896 0.160185
0 55 0.447396 0.573611 0.043750 0.156481
0 56 0.580729 0.559259 0.028125 0.103704
0 57 0.542708 0.553241 0.030208 0.126852
0 58 0.513281 0.532870 0.031771 0.128704
0 59 0.458073 0.540741 0.032813 0.120370
0 60 0.421354 0.538426 0.025000 0.126852
0 61 0.558333 0.519907 0.028125 0.115741
0 62 0.528906 0.516667 0.027604 0.122222
0 63 0.510938 0.510648 0.026042 0.130556
0 64 0.487240 0.515278 0.025521 0.121296
0 65 0.425521 0.506944 0.028125 0.115741
0 66 0.530990 0.489815 0.027604 0.107407
0 67 0.459375 0.490741 0.030208 0.120370
0 68 0.443490 0.472685 0.021354 0.099074
0 69 0.434375 0.476852 0.026042 0.103704
0 71 0.541927 0.538889 0.021354 0.107407
0 72 0.513802 0.493519 0.025521 0.124074
0 73 0.773698 0.442593 0.019271 0.074074
0 74 0.785937 0.440278 0.027083 0.082407
