0 7 0.578646 0.663889 0.033333 0.196296
0 8 0.602865 0.673148 0.038021 0.190741
0 9 0.745573 0.517593 0.024479 0.096296
0 10 0.611979 0.646296 0.032292 0.174074
0 15 0.510938 0.674074 0.027083 0.153704
0 16 0.555729 0.657407 0.035417 0.179630
0 17 0.683073 0.701389 0.040104 0.171296
0 18 0.852083 0.679630 0.038542 0.166667
0 19 0.831771 0.660185 0.030208 0.151852
0 20 0.838021 0.647685 0.039583 0.167593
0 21 0.884375 0.681481 0.037500 0.175926
0 35 0.275260 0.749074 0.045312 0.209259
0 36 0.313802 0.759722 0.042188 0.204630
0 37 0.309115 0.799074 0.052604 0.203704
0 38 0.198437 0.770370 0.043750 0.192593
0 39 0.128906 0.913426 0.064062 0.173148
0 40 0.449740 0.628704 0.033854 0.161111
0 41 0.770312 0.658796 0.034375 0.184259
0 42 0.635156 0.727315 0.040104 0.204630
0 43 0.671615 0.736574 0.044271 0.184259
0 44 0.430990 0.651389 0.040104 0.147222
0 45 0.791406 0.692130 0.029687 0.117593
0 46 0.783854 0.684722 0.035417 0.149074
0 47 0.822396 0.711574 0.045833 0.200926
0 48 0.842708 0.712037 0.043750 0.201852
0 49 0.869271 0.743981 0.058333 0.206481
0 50 0.805990 0.677778 0.036979 0.179630
0 51 0.916667 0.747222 0.046875 0.190741
0 52 0.638021 0.592130 0.032292 0.132407
0 53 0.614323 0.587500 0.038021 0.150926
0 54 0.470833 0.597685 0.034375 0.160185
0 55 0.480990 0.577315 0.044271 0.156481
0 56 0.579167 0.554630 0.027083 0.103704
0 57 0.544010 0.552315 0.029687 0.126852
0 58 0.517188 0.530093 0.032292 0.126852
0 59 0.460156 0.535185 0.031771 0.118519
0 60 0.417448 0.534722 0.025521 0.126852
0 61 0.555208 0.515278 0.028125 0.115741
0 62 0.528646 0.511574 0.023958 0.115741
0 63 0.509635 0.510185 0.025521 0.129630
0 64 0.489583 0.512500 0.026042 0.121296
0 65 0.430729 0.505093 0.028125 0.115741
0 66 0.522135 0.488889 0.027604 0.107407
0 67 0.452604 0.485185 0.026042 0.120370
0 68 0.429167 0.464352 0.020833 0.099074
0 71 0.542188 0.534259 0.021875 0.107407
0 72 0.498698 0.487037 0.025521 0.124074
0 73 0.772396 0.443519 0.019792 0.074074
0 74 0.782292 0.439352 0.027083 0.082407
