0 7 0.568490 0.674537 0.038021 0.199074
0 8 0.590625 0.684722 0.040625 0.197222
0 9 0.745313 0.516667 0.023958 0.096296
0 10 0.594792 0.649074 0.038542 0.174074
0 15 0.520312 0.684259 0.027083 0.150000
0 16 0.585156 0.662963 0.054688 0.181481
0 17 0.709896 0.707407 0.037500 0.175926
0 18 0.865104 0.689352 0.037500 0.176852
0 19 0.864583 0.658333 0.030208 0.151852
0 20 0.855208 0.652315 0.038542 0.167593
0 21 0.896354 0.686574 0.037500 0.184259
0 35 0.286458 0.744907 0.044792 0.210185
0 36 0.323437 0.747222 0.042708 0.192593
0 37 0.323437 0.790741 0.052083 0.201852
0 38 0.210677 0.765741 0.044271 0.192593
0 39 0.097656 0.925926 0.066146 0.150000
0 40 0.447135 0.620833 0.033854 0.160185
0 41 0.759635 0.645370 0.033854 0.181481
0 42 0.657813 0.725463 0.051042 0.204630
0 43 0.684635 0.740741 0.041146 0.187037
0 44 0.406771 0.644444 0.042708 0.148148
0 45 0.793490 0.682870 0.029687 0.117593
0 46 0.787240 0.671759 0.035937 0.145370
0 47 0.835417 0.703241 0.046875 0.200926
0 48 0.838802 0.702315 0.041146 0.202778
0 49 0.830990 0.723148 0.053646 0.205556
0 50 0.812500 0.667130 0.036458 0.178704
0 51 0.879427 0.731481 0.043229 0.188889
0 52 0.651563 0.597685 0.032292 0.132407
0 53 0.633854 0.596759 0.038542 0.160185
0 54 0.477604 0.610648 0.034375 0.160185
0 55 0.442188 0.574537 0.043750 0.156481
0 56 0.582292 0.561111 0.027083 0.103704
0 57 0.545833 0.556944 0.030208 0.126852
0 58 0.514323 0.535648 0.031771 0.128704
0 59 0.458594 0.543519 0.032813 0.120370
0 60 0.422396 0.540278 0.025000 0.126852
0 61 0.562500 0.520833 0.028125 0.115741
0 62 0.533073 0.518981 0.027604 0.121296
0 63 0.515625 0.512037 0.026042 0.129630
0 64 0.492448 0.518981 0.025521 0.121296
0 65 0.427604 0.512500 0.028125 0.115741
0 66 0.535156 0.493519 0.027604 0.107407
0 67 0.459896 0.493056 0.030208 0.121296
0 68 0.449740 0.474537 0.021354 0.099074
0 69 0.441146 0.481944 0.026042 0.104630
0 71 0.543490 0.541667 0.021354 0.107407
0 72 0.517448 0.495370 0.025521 0.124074
0 73 0.774219 0.441667 0.019271 0.074074
0 74 0.786458 0.441204 0.027083 0.082407
