0 7 0.569531 0.667593 0.035937 0.198148
0 8 0.592969 0.680093 0.039062 0.195370
0 9 0.744792 0.515741 0.023958 0.096296
0 10 0.603125 0.646296 0.033333 0.174074
0 15 0.512500 0.680556 0.027083 0.151852
0 16 0.569792 0.658796 0.051042 0.180556
0 17 0.701562 0.707407 0.039583 0.175926
0 18 0.859896 0.685648 0.037500 0.175000
0 19 0.851042 0.656481 0.030208 0.151852
0 20 0.849479 0.650463 0.038542 0.167593
0 21 0.892188 0.684722 0.037500 0.180556
0 35 0.280729 0.743519 0.044792 0.209259
0 36 0.319792 0.750926 0.042708 0.198148
0 37 0.316146 0.789815 0.052083 0.203704
0 38 0.207552 0.766667 0.044271 0.192593
0 39 0.111979 0.919444 0.068750 0.161111
0 40 0.447396 0.622685 0.033333 0.160185
0 41 0.762240 0.649537 0.033854 0.182407
0 42 0.646875 0.725463 0.041667 0.204630
0 43 0.673958 0.739815 0.044792 0.187037
0 44 0.413542 0.645833 0.041667 0.147222
0 45 0.791406 0.686574 0.029687 0.117593
0 46 0.779427 0.676389 0.035937 0.147222
0 47 0.830469 0.706019 0.046354 0.200926
0 48 0.838802 0.703704 0.041146 0.201852
0 49 0.843750 0.733333 0.055208 0.205556
0 50 0.808333 0.671759 0.036458 0.178704
0 51 0.890885 0.736574 0.042188 0.189815
0 52 0.644792 0.594907 0.032292 0.132407
0 53 0.623698 0.594907 0.038021 0.160185
0 54 0.472656 0.602315 0.034896 0.160185
0 55 0.456771 0.577315 0.043750 0.156481
0 56 0.581771 0.559259 0.028125 0.103704
0 57 0.545833 0.555093 0.030208 0.126852
0 58 0.514844 0.532870 0.031771 0.128704
0 59 0.460156 0.538889 0.031771 0.118519
0 60 0.420312 0.537500 0.025000 0.126852
0 61 0.556250 0.518519 0.028125 0.114815
0 62 0.532292 0.518056 0.027083 0.121296
0 63 0.509375 0.510648 0.026042 0.130556
0 64 0.492708 0.518056 0.026042 0.121296
0 65 0.429167 0.508796 0.028125 0.115741
0 66 0.529427 0.489815 0.027604 0.107407
0 67 0.458854 0.488889 0.030208 0.120370
0 68 0.439323 0.470833 0.021354 0.099074
0 69 0.430990 0.475926 0.026562 0.103704
0 71 0.542188 0.537037 0.021875 0.107407
0 72 0.510156 0.491667 0.025521 0.124074
0 73 0.773438 0.442593 0.019792 0.074074
0 74 0.784896 0.440278 0.027083 0.082407
