0 7 0.576823 0.664352 0.033854 0.197222
0 8 0.600781 0.674537 0.038021 0.191667
0 9 0.745833 0.517593 0.023958 0.096296
0 10 0.610938 0.646296 0.032292 0.174074
0 15 0.511458 0.675463 0.027083 0.152778
0 16 0.558854 0.658796 0.035417 0.180556
0 17 0.688021 0.704167 0.040625 0.173148
0 18 0.853646 0.680556 0.038542 0.168519
0 19 0.835417 0.659259 0.030208 0.151852
0 20 0.842187 0.647685 0.039583 0.167593
0 21 0.886979 0.682870 0.037500 0.176852
0 35 0.276302 0.748148 0.045312 0.209259
0 36 0.314844 0.758333 0.042188 0.203704
0 37 0.310677 0.797222 0.052604 0.203704
0 38 0.201042 0.769444 0.043750 0.192593
0 39 0.126823 0.914815 0.065104 0.170370
0 40 0.449479 0.627315 0.033333 0.160185
0 41 0.768750 0.656944 0.034375 0.184259
0 42 0.637240 0.726389 0.040104 0.204630
0 43 0.672135 0.737037 0.044271 0.185185
0 44 0.427604 0.650463 0.039583 0.145370
0 45 0.791406 0.691204 0.029687 0.117593
0 46 0.783854 0.683796 0.035417 0.149074
0 47 0.823958 0.709722 0.045833 0.200926
0 48 0.841667 0.710185 0.042708 0.201852
0 49 0.865625 0.742130 0.059375 0.204630
0 50 0.806250 0.676389 0.037500 0.178704
0 51 0.911719 0.745370 0.049479 0.190741
0 52 0.639323 0.593056 0.031771 0.132407
0 53 0.616146 0.588889 0.038542 0.151852
0 54 0.472396 0.598611 0.034375 0.160185
0 55 0.476302 0.577315 0.044271 0.156481
0 56 0.580208 0.556481 0.027083 0.103704
0 57 0.544531 0.552315 0.029687 0.126852
0 58 0.518229 0.531019 0.032292 0.128704
0 59 0.460417 0.536111 0.031250 0.118519
0 60 0.417969 0.534722 0.025521 0.126852
0 61 0.555729 0.515278 0.028125 0.115741
0 62 0.529167 0.512963 0.025000 0.116667
0 63 0.509635 0.510648 0.025521 0.130556
0 64 0.490625 0.513426 0.026042 0.121296
0 65 0.431250 0.505093 0.028125 0.115741
0 66 0.524479 0.489352 0.028125 0.106481
0 67 0.454167 0.486111 0.027083 0.120370
0 68 0.432812 0.464352 0.020833 0.099074
0 71 0.542708 0.534259 0.021875 0.107407
0 72 0.500781 0.487037 0.025521 0.124074
0 73 0.772396 0.442593 0.019792 0.074074
0 74 0.782813 0.439352 0.027083 0.082407
