0 7 0.560937 0.689352 0.039583 0.200926
0 8 0.588542 0.702315 0.047917 0.200926
0 9 0.750781 0.514352 0.027604 0.097222
0 10 0.588281 0.662037 0.038021 0.174074
0 15 0.548438 0.695370 0.027083 0.146296
0 16 0.623437 0.676852 0.043750 0.187037
0 17 0.739323 0.717130 0.033854 0.184259
0 18 0.882031 0.695370 0.038021 0.185185
0 19 0.894271 0.663889 0.030208 0.151852
0 20 0.871354 0.658796 0.039583 0.167593
0 21 0.914323 0.694444 0.038021 0.185185
0 35 0.298698 0.747685 0.044271 0.212037
0 36 0.330729 0.755093 0.041667 0.193519
0 37 0.342448 0.787037 0.050521 0.198148
0 38 0.212240 0.772222 0.044271 0.174074
0 39 0.075521 0.943519 0.067708 0.114815
0 40 0.454948 0.623611 0.033854 0.154630
0 41 0.765365 0.643519 0.033854 0.181481
0 42 0.685156 0.724074 0.038021 0.203704
0 43 0.707812 0.745370 0.036458 0.187037
0 44 0.405990 0.653241 0.042188 0.149074
0 45 0.802604 0.679630 0.030208 0.118519
0 46 0.801562 0.669907 0.033333 0.143519
0 47 0.865104 0.701852 0.038542 0.201852
0 48 0.839063 0.695370 0.040625 0.201852
0 49 0.814063 0.714352 0.058333 0.200926
0 50 0.822396 0.662963 0.036458 0.179630
0 51 0.855990 0.723611 0.056771 0.182407
0 52 0.676562 0.605556 0.032292 0.135185
0 53 0.655208 0.601389 0.038542 0.160185
0 54 0.488281 0.624537 0.038021 0.167593
0 55 0.422656 0.583796 0.042188 0.156481
0 56 0.595313 0.570370 0.025000 0.103704
0 57 0.555208 0.569907 0.030208 0.126852
0 58 0.523698 0.547685 0.031771 0.128704
0 59 0.470313 0.556481 0.033333 0.120370
0 60 0.430729 0.559722 0.025000 0.126852
0 61 0.573698 0.531944 0.027604 0.115741
0 62 0.547917 0.528241 0.028125 0.121296
0 63 0.527604 0.523148 0.026042 0.129630
0 64 0.502604 0.533796 0.026042 0.123148
0 65 0.433333 0.525463 0.028125 0.115741
0 66 0.552083 0.505556 0.028125 0.107407
0 67 0.467187 0.503241 0.030208 0.121296
0 68 0.472396 0.480093 0.023958 0.099074
0 69 0.460156 0.489352 0.021354 0.104630
0 70 0.426563 0.492130 0.023958 0.117593
0 71 0.549740 0.553704 0.021354 0.107407
0 72 0.530990 0.503704 0.025521 0.124074
0 73 0.775781 0.441667 0.019271 0.074074
0 74 0.790104 0.442130 0.027083 0.082407
