0 7 0.565104 0.680556 0.038542 0.200000
0 8 0.591927 0.690741 0.042188 0.198148
0 9 0.751563 0.524074 0.023958 0.096296
0 10 0.592448 0.653704 0.039062 0.174074
0 15 0.531771 0.687963 0.027083 0.148148
0 16 0.601042 0.668519 0.050000 0.183333
0 17 0.722135 0.711111 0.035937 0.179630
0 18 0.870313 0.690741 0.037500 0.166667
0 19 0.877083 0.660185 0.030208 0.151852
0 20 0.860156 0.655093 0.038021 0.167593
0 21 0.903385 0.688889 0.038021 0.185185
0 35 0.291406 0.745370 0.044271 0.211111
0 36 0.324740 0.749537 0.042188 0.187963
0 37 0.329688 0.791667 0.052083 0.200000
0 38 0.212240 0.766667 0.044271 0.188889
0 39 0.088021 0.932870 0.059375 0.134259
0 40 0.450260 0.621759 0.033854 0.158333
0 41 0.762240 0.644444 0.033854 0.181481
0 42 0.667969 0.724537 0.051562 0.204630
0 43 0.697917 0.740741 0.036458 0.187037
0 44 0.406771 0.648148 0.042708 0.148148
0 45 0.795833 0.679630 0.030208 0.118519
0 46 0.795052 0.668981 0.034896 0.143519
0 47 0.843750 0.701852 0.044792 0.201852
0 48 0.838802 0.701389 0.041146 0.202778
0 49 0.822656 0.719907 0.053646 0.208333
0 50 0.816667 0.663426 0.036458 0.178704
0 51 0.870573 0.728241 0.047396 0.186111
0 52 0.661979 0.600926 0.032292 0.133333
0 53 0.642188 0.598611 0.038542 0.160185
0 54 0.482031 0.615741 0.035937 0.162963
0 55 0.435417 0.581019 0.043750 0.156481
0 56 0.586979 0.567593 0.026042 0.103704
0 57 0.551042 0.564352 0.030208 0.126852
0 58 0.518490 0.540278 0.031771 0.128704
0 59 0.461979 0.549074 0.033333 0.120370
0 60 0.425521 0.547685 0.025000 0.126852
0 61 0.568750 0.522685 0.028125 0.115741
0 62 0.540104 0.523611 0.028125 0.121296
0 63 0.520052 0.516667 0.025521 0.129630
0 64 0.497917 0.525463 0.026042 0.121296
0 65 0.431250 0.519907 0.028125 0.115741
0 66 0.544271 0.501852 0.028125 0.107407
0 67 0.460417 0.496759 0.030208 0.121296
0 68 0.461198 0.478241 0.021354 0.099074
0 69 0.451042 0.487500 0.025000 0.104630
0 70 0.419010 0.476389 0.023438 0.117593
0 71 0.546094 0.546296 0.021354 0.107407
0 72 0.523438 0.498148 0.026042 0.124074
0 73 0.774740 0.441667 0.019271 0.074074
0 74 0.788021 0.441204 0.027083 0.082407
