0 7 0.570312 0.667130 0.035417 0.197222
0 8 0.594010 0.679630 0.039062 0.194444
0 9 0.745833 0.516667 0.023958 0.096296
0 10 0.606250 0.646759 0.032292 0.173148
0 15 0.511979 0.679630 0.027083 0.151852
0 16 0.568750 0.659722 0.046875 0.180556
0 17 0.700260 0.707407 0.040104 0.175926
0 18 0.859115 0.685185 0.038021 0.174074
0 19 0.848958 0.657407 0.030208 0.151852
0 20 0.848698 0.649537 0.039062 0.167593
0 21 0.891667 0.684722 0.037500 0.180556
0 35 0.279948 0.743519 0.045312 0.209259
0 36 0.319271 0.752315 0.042708 0.199074
0 37 0.315625 0.790741 0.052083 0.203704
0 38 0.207031 0.766667 0.044271 0.192593
0 39 0.116146 0.919444 0.069792 0.161111
0 40 0.447656 0.623611 0.033854 0.160185
0 41 0.763021 0.650463 0.034375 0.182407
0 42 0.645312 0.726389 0.040625 0.204630
0 43 0.673438 0.739352 0.044792 0.186111
0 44 0.415104 0.645833 0.041667 0.147222
0 45 0.791406 0.687500 0.029687 0.117593
0 46 0.779948 0.677315 0.035937 0.147222
0 47 0.829427 0.706944 0.046354 0.200926
0 48 0.838802 0.703704 0.041146 0.201852
0 49 0.846094 0.735185 0.055729 0.205556
0 50 0.807813 0.672685 0.036458 0.178704
0 51 0.894792 0.738889 0.043750 0.188889
0 52 0.644271 0.594907 0.032292 0.132407
0 53 0.622656 0.593519 0.038021 0.159259
0 54 0.473177 0.602315 0.034896 0.160185
0 55 0.458854 0.577315 0.043750 0.156481
0 56 0.581771 0.559259 0.028125 0.103704
0 57 0.546875 0.556019 0.030208 0.126852
0 58 0.515104 0.531944 0.032292 0.128704
0 59 0.460938 0.538889 0.031250 0.118519
0 60 0.420052 0.537500 0.025521 0.126852
0 61 0.556771 0.517593 0.028125 0.114815
0 62 0.531771 0.517130 0.027083 0.121296
0 63 0.509375 0.510648 0.026042 0.130556
0 64 0.494792 0.518981 0.026042 0.121296
0 65 0.431250 0.510648 0.028125 0.115741
0 66 0.528646 0.489815 0.028125 0.107407
0 67 0.458854 0.487963 0.030208 0.120370
0 68 0.438542 0.469907 0.020833 0.099074
0 69 0.429948 0.475000 0.026562 0.103704
0 71 0.542708 0.537037 0.021875 0.107407
0 72 0.508854 0.490741 0.026042 0.124074
0 73 0.773177 0.442593 0.019271 0.074074
0 74 0.784896 0.440278 0.027083 0.082407
