0 7 0.571354 0.666667 0.035417 0.198148
0 8 0.595052 0.678704 0.039062 0.194444
0 9 0.747135 0.517593 0.024479 0.096296
0 10 0.606771 0.646296 0.032292 0.174074
0 15 0.511979 0.679630 0.027083 0.151852
0 16 0.567448 0.660185 0.043229 0.181481
0 17 0.698958 0.707407 0.040625 0.175926
0 18 0.858333 0.684722 0.037500 0.173148
0 19 0.847396 0.657407 0.030208 0.151852
0 20 0.847656 0.649537 0.039062 0.167593
0 21 0.891146 0.684259 0.037500 0.179630
0 35 0.279427 0.744444 0.045312 0.209259
0 36 0.318750 0.753241 0.042708 0.199074
0 37 0.314844 0.791667 0.052604 0.203704
0 38 0.206510 0.766667 0.044271 0.192593
0 39 0.120573 0.919444 0.070312 0.161111
0 40 0.447917 0.623611 0.033333 0.160185
0 41 0.763802 0.651389 0.033854 0.182407
0 42 0.643750 0.726389 0.040625 0.204630
0 43 0.673438 0.739352 0.044792 0.186111
0 44 0.416927 0.646759 0.041146 0.147222
0 45 0.791406 0.687500 0.029687 0.117593
0 46 0.780469 0.678241 0.035937 0.147222
0 47 0.828906 0.706944 0.046354 0.200926
0 48 0.839063 0.704630 0.040625 0.201852
0 49 0.848437 0.737037 0.056250 0.205556
0 50 0.807292 0.672685 0.036458 0.178704
0 51 0.898698 0.741204 0.045312 0.187963
0 52 0.643490 0.594907 0.031771 0.132407
0 53 0.621615 0.593056 0.038021 0.158333
0 54 0.473958 0.602315 0.034375 0.160185
0 55 0.461458 0.577315 0.043750 0.156481
0 56 0.582292 0.559259 0.028125 0.103704
0 57 0.546354 0.555093 0.030208 0.126852
0 58 0.515625 0.531944 0.032292 0.128704
0 59 0.460417 0.537963 0.031250 0.118519
0 60 0.419792 0.537500 0.025000 0.126852
0 61 0.557292 0.516667 0.028125 0.114815
0 62 0.531510 0.516667 0.026562 0.120370
0 63 0.509375 0.510648 0.026042 0.130556
0 64 0.493750 0.518056 0.026042 0.121296
0 65 0.431250 0.509722 0.028125 0.115741
0 66 0.528125 0.489815 0.028125 0.107407
0 67 0.458854 0.487963 0.030208 0.120370
0 68 0.437760 0.468981 0.021354 0.099074
0 69 0.428906 0.475000 0.026562 0.103704
0 71 0.543229 0.536111 0.021875 0.107407
0 72 0.507552 0.490741 0.025521 0.124074
0 73 0.773177 0.442593 0.019271 0.074074
0 74 0.784375 0.440278 0.027083 0.082407
