0 7 0.561458 0.687500 0.039583 0.200926
0 8 0.588802 0.700463 0.047396 0.200926
0 9 0.750521 0.515278 0.027083 0.097222
0 10 0.588802 0.660185 0.038021 0.174074
0 15 0.545833 0.693981 0.027083 0.147222
0 16 0.620052 0.675463 0.044271 0.186111
0 17 0.736719 0.715741 0.033854 0.183333
0 18 0.879948 0.693981 0.038021 0.180556
0 19 0.891667 0.662963 0.030208 0.151852
0 20 0.869531 0.657870 0.039062 0.167593
0 21 0.912760 0.693519 0.038021 0.185185
0 35 0.297656 0.746759 0.044271 0.212037
0 36 0.329167 0.753704 0.041667 0.190741
0 37 0.340104 0.787963 0.051042 0.198148
0 38 0.212240 0.771296 0.044271 0.175926
0 39 0.077083 0.942130 0.065625 0.117593
0 40 0.453906 0.623148 0.033854 0.155556
0 41 0.764844 0.643519 0.033854 0.181481
0 42 0.682552 0.724074 0.040104 0.203704
0 43 0.706250 0.744444 0.036458 0.187037
0 44 0.405990 0.652315 0.042188 0.149074
0 45 0.801562 0.679630 0.030208 0.118519
0 46 0.800521 0.668981 0.033333 0.143519
0 47 0.861979 0.701852 0.039583 0.201852
0 48 0.838802 0.696296 0.041146 0.201852
0 49 0.815365 0.715741 0.057813 0.201852
0 50 0.821354 0.662963 0.036458 0.179630
0 51 0.857812 0.724074 0.055208 0.183333
0 52 0.674479 0.604630 0.032292 0.135185
0 53 0.653125 0.600463 0.038542 0.160185
0 54 0.487240 0.623148 0.038021 0.166667
0 55 0.424740 0.583796 0.042188 0.156481
0 56 0.593750 0.570370 0.025000 0.103704
0 57 0.555208 0.569907 0.030208 0.126852
0 58 0.522656 0.545833 0.031771 0.128704
0 59 0.468750 0.554630 0.033333 0.120370
0 60 0.429688 0.557870 0.025000 0.126852
0 61 0.572656 0.530093 0.027604 0.115741
0 62 0.546875 0.527315 0.028125 0.121296
0 63 0.526042 0.522222 0.026042 0.129630
0 64 0.501563 0.532407 0.026042 0.122222
0 65 0.433333 0.525463 0.028125 0.115741
0 66 0.551042 0.505556 0.028125 0.107407
0 67 0.466146 0.502315 0.030208 0.121296
0 68 0.470573 0.479167 0.023438 0.099074
0 69 0.458854 0.488426 0.021875 0.104630
0 70 0.425260 0.489352 0.023438 0.117593
0 71 0.549219 0.551852 0.021354 0.107407
0 72 0.529687 0.502778 0.026042 0.124074
0 73 0.775260 0.441667 0.019271 0.074074
0 74 0.789583 0.441204 0.027083 0.082407
