0 7 0.566406 0.677778 0.038021 0.200000
0 8 0.593229 0.687963 0.040625 0.198148
0 9 0.748958 0.521296 0.023958 0.096296
0 10 0.593750 0.651852 0.039583 0.174074
0 15 0.527604 0.686574 0.027083 0.149074
0 16 0.594531 0.666204 0.051562 0.182407
0 17 0.717187 0.709259 0.036458 0.177778
0 18 0.868229 0.690278 0.037500 0.171296
0 19 0.871875 0.659259 0.030208 0.151852
0 20 0.858073 0.654167 0.038021 0.167593
0 21 0.900260 0.687963 0.038021 0.185185
0 35 0.289583 0.745370 0.044792 0.211111
0 36 0.324219 0.748611 0.042188 0.189815
0 37 0.327083 0.791204 0.052083 0.200926
0 38 0.212240 0.765741 0.044271 0.192593
0 39 0.091927 0.930556 0.061979 0.140741
0 40 0.448698 0.621296 0.033854 0.159259
0 41 0.761198 0.644444 0.033854 0.181481
0 42 0.663542 0.725463 0.055208 0.204630
0 43 0.692448 0.740741 0.038021 0.187037
0 44 0.406771 0.647222 0.042708 0.148148
0 45 0.794792 0.681019 0.030208 0.117593
0 46 0.792188 0.669444 0.035417 0.144444
0 47 0.838021 0.702315 0.046875 0.200926
0 48 0.838802 0.701389 0.041146 0.202778
0 49 0.825260 0.718981 0.052604 0.208333
0 50 0.815104 0.664352 0.036458 0.178704
0 51 0.875000 0.730093 0.044792 0.187963
0 52 0.657813 0.599074 0.032292 0.133333
0 53 0.639062 0.597685 0.038542 0.160185
0 54 0.480208 0.613426 0.035417 0.162037
0 55 0.438021 0.579167 0.043750 0.156481
0 56 0.585156 0.564815 0.026562 0.103704
0 57 0.548958 0.561574 0.030208 0.126852
0 58 0.516927 0.538426 0.031771 0.128704
0 59 0.460417 0.546296 0.033333 0.120370
0 60 0.424479 0.544907 0.025000 0.126852
0 61 0.566667 0.520833 0.028125 0.115741
0 62 0.537240 0.521759 0.027604 0.121296
0 63 0.518229 0.514815 0.026042 0.129630
0 64 0.496875 0.523148 0.026042 0.120370
0 65 0.429688 0.517130 0.028125 0.115741
0 66 0.540625 0.498148 0.028125 0.107407
0 67 0.460417 0.494907 0.030208 0.121296
0 68 0.456510 0.476389 0.021354 0.099074
0 69 0.448437 0.487500 0.026042 0.104630
0 70 0.417187 0.472685 0.022917 0.117593
0 71 0.545052 0.544444 0.021354 0.107407
0 72 0.521354 0.497222 0.026042 0.124074
0 73 0.774479 0.441667 0.019792 0.074074
0 74 0.787500 0.441204 0.027083 0.082407
