0 7 0.568490 0.669444 0.036979 0.198148
0 8 0.591146 0.681481 0.039583 0.196296
0 9 0.742708 0.513889 0.023958 0.096296
0 10 0.597917 0.646296 0.035417 0.174074
0 15 0.512500 0.681944 0.027083 0.150926
0 16 0.572396 0.658333 0.058333 0.179630
0 17 0.704427 0.707407 0.039062 0.175926
0 18 0.861458 0.687037 0.037500 0.175926
0 19 0.855208 0.656481 0.030208 0.151852
0 20 0.851302 0.651389 0.039062 0.167593
0 21 0.893750 0.685648 0.037500 0.182407
0 35 0.282292 0.743519 0.044792 0.209259
0 36 0.321354 0.749537 0.042708 0.197222
0 37 0.318229 0.789815 0.052083 0.203704
0 38 0.208594 0.766667 0.044271 0.192593
0 39 0.103906 0.920370 0.067187 0.161111
0 40 0.447135 0.621759 0.033854 0.160185
0 41 0.760677 0.647685 0.033854 0.182407
0 42 0.650521 0.725463 0.044792 0.204630
0 43 0.674479 0.740741 0.044792 0.187037
0 44 0.410156 0.644444 0.042188 0.148148
0 45 0.791406 0.685648 0.029687 0.117593
0 46 0.780469 0.675000 0.035937 0.146296
0 47 0.832031 0.705093 0.046354 0.200926
0 48 0.838802 0.703241 0.041146 0.202778
0 49 0.839323 0.729630 0.054688 0.205556
0 50 0.809896 0.669907 0.036458 0.178704
0 51 0.885156 0.733796 0.041146 0.189815
0 52 0.646354 0.595833 0.032292 0.132407
0 53 0.626823 0.594907 0.038021 0.160185
0 54 0.473177 0.603241 0.034896 0.160185
0 55 0.450521 0.574537 0.043750 0.156481
0 56 0.581250 0.559259 0.028125 0.103704
0 57 0.543750 0.553241 0.030208 0.126852
0 58 0.513802 0.532870 0.031771 0.128704
0 59 0.458854 0.540278 0.032292 0.119444
0 60 0.420833 0.538426 0.025000 0.126852
0 61 0.556771 0.519907 0.028125 0.115741
0 62 0.529948 0.516667 0.027604 0.122222
0 63 0.509375 0.510648 0.026042 0.130556
0 64 0.488802 0.516204 0.025521 0.121296
0 65 0.425000 0.506019 0.028125 0.115741
0 66 0.530469 0.489815 0.027604 0.107407
0 67 0.459375 0.490278 0.030208 0.121296
0 68 0.441406 0.472685 0.021354 0.099074
0 69 0.433073 0.475926 0.026562 0.103704
0 71 0.541406 0.537963 0.021354 0.107407
0 72 0.512500 0.492593 0.026042 0.124074
0 73 0.773698 0.442593 0.019271 0.074074
0 74 0.785417 0.440278 0.027083 0.082407
