0 7 0.577604 0.663889 0.033333 0.196296
0 8 0.601823 0.674074 0.038021 0.190741
0 9 0.745573 0.517593 0.024479 0.096296
0 10 0.611458 0.646296 0.032292 0.174074
0 15 0.510938 0.674537 0.027083 0.152778
0 16 0.557292 0.657870 0.035417 0.180556
0 17 0.685417 0.702778 0.040625 0.172222
0 18 0.852865 0.680093 0.038021 0.167593
0 19 0.833333 0.659259 0.030208 0.151852
0 20 0.840104 0.647685 0.039583 0.167593
0 21 0.885417 0.681944 0.037500 0.176852
0 35 0.275781 0.748611 0.045312 0.210185
0 36 0.314323 0.759722 0.042188 0.204630
0 37 0.309896 0.798148 0.052083 0.203704
0 38 0.199740 0.769444 0.044271 0.192593
0 39 0.128125 0.914352 0.064583 0.171296
0 40 0.449479 0.627778 0.033333 0.161111
0 41 0.769271 0.657870 0.034375 0.184259
0 42 0.636198 0.726389 0.040104 0.204630
0 43 0.672135 0.737037 0.044271 0.185185
0 44 0.429167 0.650926 0.039583 0.146296
0 45 0.791406 0.691204 0.029687 0.117593
0 46 0.783854 0.683796 0.035417 0.149074
0 47 0.822917 0.710648 0.045833 0.200926
0 48 0.841927 0.711111 0.043229 0.201852
0 49 0.867448 0.742593 0.058854 0.205556
0 50 0.806250 0.677315 0.037500 0.178704
0 51 0.914323 0.746296 0.048438 0.190741
0 52 0.638802 0.593056 0.031771 0.132407
0 53 0.615104 0.588426 0.038542 0.150926
0 54 0.471354 0.597685 0.034375 0.160185
0 55 0.478646 0.577315 0.044792 0.156481
0 56 0.579688 0.555556 0.027083 0.103704
0 57 0.544271 0.552315 0.030208 0.126852
0 58 0.517708 0.530556 0.032292 0.127778
0 59 0.460156 0.536111 0.031771 0.118519
0 60 0.417448 0.534722 0.025521 0.126852
0 61 0.555729 0.515278 0.028125 0.115741
0 62 0.528906 0.512500 0.024479 0.115741
0 63 0.510156 0.511111 0.025521 0.129630
0 64 0.490104 0.513426 0.026042 0.121296
0 65 0.431250 0.505093 0.028125 0.115741
0 66 0.523177 0.488889 0.027604 0.107407
0 67 0.453385 0.485185 0.026562 0.120370
0 68 0.430729 0.464352 0.020833 0.099074
0 71 0.542708 0.534259 0.021875 0.107407
0 72 0.499740 0.487037 0.025521 0.124074
0 73 0.772396 0.442593 0.019792 0.074074
0 74 0.782292 0.439352 0.027083 0.082407
