0 7 0.572135 0.666204 0.034896 0.197222
0 8 0.596094 0.678241 0.039062 0.193519
0 9 0.746615 0.517593 0.024479 0.096296
0 10 0.607292 0.646296 0.032292 0.174074
0 15 0.511979 0.678704 0.027083 0.151852
0 16 0.566146 0.660648 0.039583 0.182407
0 17 0.697656 0.707407 0.041146 0.175926
0 18 0.857552 0.684259 0.038021 0.172222
0 19 0.845313 0.657407 0.030208 0.151852
0 20 0.846615 0.649537 0.039062 0.167593
0 21 0.890104 0.684259 0.037500 0.179630
0 35 0.278906 0.744907 0.045312 0.210185
0 36 0.317969 0.753704 0.042188 0.200000
0 37 0.314063 0.792593 0.052083 0.203704
0 38 0.205990 0.766667 0.044271 0.192593
0 39 0.121354 0.918519 0.069792 0.162963
0 40 0.448177 0.624537 0.033854 0.160185
0 41 0.764583 0.652315 0.034375 0.182407
0 42 0.642708 0.726389 0.040625 0.204630
0 43 0.673177 0.738426 0.044271 0.186111
0 44 0.418750 0.647222 0.040625 0.146296
0 45 0.791406 0.688426 0.029687 0.117593
0 46 0.780990 0.679167 0.035937 0.147222
0 47 0.827865 0.707870 0.046354 0.200926
0 48 0.839323 0.705556 0.041146 0.201852
0 49 0.851302 0.737500 0.056771 0.204630
0 50 0.807292 0.673611 0.036458 0.178704
0 51 0.902865 0.743519 0.046354 0.187037
0 52 0.642708 0.593981 0.032292 0.132407
0 53 0.620573 0.592593 0.038021 0.157407
0 54 0.474479 0.602315 0.034375 0.160185
0 55 0.463802 0.577315 0.044271 0.156481
0 56 0.582292 0.559259 0.028125 0.103704
0 57 0.545833 0.555093 0.030208 0.126852
0 58 0.515885 0.531944 0.031771 0.128704
0 59 0.460417 0.537963 0.031250 0.118519
0 60 0.419271 0.536574 0.025000 0.126852
0 61 0.557813 0.515741 0.028125 0.114815
0 62 0.530990 0.516204 0.026562 0.119444
0 63 0.509375 0.510648 0.026042 0.130556
0 64 0.493229 0.517130 0.026042 0.121296
0 65 0.431250 0.508796 0.028125 0.115741
0 66 0.527344 0.489352 0.027604 0.106481
0 67 0.458073 0.487037 0.029687 0.120370
0 68 0.436979 0.468056 0.020833 0.099074
0 69 0.427604 0.475000 0.027083 0.103704
0 71 0.543750 0.536111 0.021875 0.107407
0 72 0.506510 0.489815 0.025521 0.124074
0 73 0.773177 0.442593 0.019271 0.074074
0 74 0.784375 0.440278 0.027083 0.082407
